5010 1 18 16 11 16 2844 612 6 98 80 5 25 9101 1 6 467 7 24 5 151 2 192 119 2 42 36 312 9579 2100 0 35 29 279 23 53 6 101 20 38 18 0 10 2 6 1 2 1 0 1 0 3 2 0 0 8 4 6 1 1 0 1 3 0 7 1 1 0 3 3 2 2 37 0 0 0 22 11 0 0 0 0 2 3
1 2130 55 35 1 1 0 0 453 1 4 1 41 0 2 260 67 0 8 7 14 2601 30 897 1541 107 15603 45 5 4 2 3 1 15 5 55 32 17 10 12 3 5 77 164 44 22 9 1 5 1 4271 472 9 3 5 3 2 296 0 13 12 120 0 8 207 75 9 34 4 8 2003 75 502 1198 551 6069 16 5 4 6 2 0 14 4
18 55 12179 2 13 23 120 72 7 27 37 15 31 152 4 169 6771 4 79 3 657 52 16977 96 15 4583 14144 368 151 263 0 27 7 649 214 2702 2043 1029 310 155 20 8 288 807 187 71 27 10 9 0 159 3288 1 6 6 12 4 13 8 19 9 9 4 1 127 506 11 37 1 77 157 1194 74 38 289 4263 29 82 4 2 1 5 69 77
16 35 2 2038 22 81 50 60 1596 105 31 906 13 57 135 20 1 1 6 1807 7 211 2 4502 42 2 100 654 188 8 0 17 49 81 38 176 14 58 46 393 23 2 98 9 46 11 151 11 5 5 20 4 1310 14 245 84 181 358 691 47 495 3 86 75 11 3 2 8 715 4 62 18 1085 3 1 22 470 85 3 0 2 1 34 38
11 1 13 22 4247 4228 39 3325 207 82 2574 180 1291 150 1099 8 58 20 40 24 40 4 95 151 66 14 42 77 400 24 3 6250 7 2073 1826 766 257 736 1018 14064 6286 136 146 37 26 64 55 24 23 0 1 0 4 7 13 9 11 7 15 74 20 73 8 9 3 2 4 4 5 9 3 23 42 33 4 19 42 12 1 3 0 1 8 146
16 1 23 81 4228 16437 101 24197 540 5492 433 10390 211 1545 10409 12 20 25 32 378 27 3 47 313 19 15 36 140 319 12 0 6582 2 420 43608 852 160 377 365 9685 1806 41 119 37 41 29 81 14 17 4 2 3 56 14 263 34 32 29 118 33 507 11 24 109 9 2 2 2 45 8 1 25 158 9 2 11 173 42 5 0 7 2 20 2682
2844 0 120 50 39 101 19219 1922 47 4726 259 11 118 9093 5 17 294 28 72 11 1426 2 1031 596 9 64 55 9313 2586 13288 0 57 262 754 136 1080 79 578 277 172 94 21 79 12 22 16 18 6 3 1 2 6 17 4 9 32 16 21 56 12 14 5 14 4 31 2 0 1 10 11 12 19 142 3 1 16 116 50 1 0 2 2 17 13
612 0 72 60 3325 24197 1922 37500 212 8354 286 2231 162 22158 4541 14 684 16 40 262 314 8 379 439 17 62 66 673 579 1122 5 6047 20 393 29218 763 113 586 440 7393 1434 49 120 28 54 47 74 23 15 6 1 8 33 14 86 65 36 51 83 18 127 16 41 16 30 2 2 1 23 24 12 29 313 2 2 9 251 103 13 0 6 3 27 759
6 453 7 1596 207 540 47 212 2463 202 46 2386 43 38 898 451 22 5 9 884 25 3089 56 12066 455 13 1218 692 133 56 1 104 38 107 771 313 24 61 62 1959 127 7 219 27 90 41 236 31 7 9 404 22 531 32 120 89 58 3268 299 27 170 12 69 124 538 7 4 3 75 55 2287 166 4546 74 6 375 582 221 51 0 10 13 69 236
98 1 27 105 82 5492 4726 8354 202 5099 330 1345 130 2773 203 6 96 25 67 166 112 1 125 319 12 16 34 643 1147 195 3 124 50 581 21104 770 88 369 222 388 133 26 191 21 67 34 264 17 9 6 1 3 482 25 308 167 126 160 1345 35 461 24 76 95 12 0 3 4 317 9 3 14 605 4 7 10 912 77 11 2 8 2 27 1816
80 4 37 31 2574 433 259 286 46 330 27000 187 6693 222 24 34 1127 4358 2942 61 196 7 284 204 261 3066 126 399 4528 164 48 2186 129 15602 82 1339 1272 4704 1502 1899 3536 322 346 454 101 76 66 32 164 3 12 4 11 14 25 33 12 20 26 530 10 712 9 6 20 1 35 14 8 10 9 30 155 269 69 185 116 28 5 66 10 1 19 45
5 1 15 906 180 10390 11 2231 2386 1345 187 8434 66 244 4656 10 15 9 37 3193 32 33 57 1431 14 9 45 160 251 10 0 156 5 221 40586 444 40 136 87 1936 131 21 195 37 45 70 270 28 10 2 3 8 307 47 3003 47 294 93 590 29 2123 15 32 617 19 0 1 5 255 32 11 48 168 5 4 17 279 38 10 0 8 2 25 17588
25 41 31 13 1291 211 118 162 43 130 6693 66 8245 32 28 18 40 48 52 23 71 58 164 115 5039 1365 3664 197 531 56 1758 686 51 1882 167 1971 4097 4511 2337 1326 2563 980 1018 1374 317 447 255 147 1112 2 85 14 13 75 63 32 42 24 39 1898 26 6551 19 16 29 6 168 61 21 41 23 87 85 2028 299 820 91 33 13 225 71 0 93 147
9101 0 152 57 150 1545 9093 22158 38 2773 222 244 32 23031 37 23 1896 36 48 107 788 3 1101 406 2 164 131 1265 15660 5224 0 6269 73 710 732 275 63 403 112 193 44 1 64 13 32 11 23 7 2 3 3 16 23 2 10 44 29 34 41 4 10 3 32 6 21 1 0 0 6 16 14 22 228 1 1 24 193 65 13 0 2 4 22 20
1 2 4 135 1099 10409 5 4541 898 203 24 4656 28 37 2972 3 4 0 10 361 14 14 33 685 4 3 27 51 13 5 0 417 1 27 14760 288 39 18 24 5437 402 7 48 8 8 6 30 3 5 1 0 2 19 10 120 1 8 14 28 7 285 4 4 100 2 0 0 0 17 6 1 14 24 1 3 6 22 5 2 1 1 0 6 1993
6 260 169 20 8 12 17 14 451 6 34 10 18 23 3 9728 152 10 30 4 2009 9620 3856 10206 110 22 7784 2320 83 124 0 9 21 407 294 1528 437 558 171 319 19 9 782 119 372 228 66 25 12 3 181 151 18 7 8 39 9 399 6 38 13 9 21 6 9068 57 6 8 2 960 3947 4918 2561 27 21 2011 370 92 30 1 5 11 186 110
467 67 6771 1 58 20 294 684 22 96 1127 15 40 1896 4 152 9250 152 4334 2 1791 62 15070 123 9 1791 5117 356 2986 2125 0 178 289 15417 150 1409 664 3617 568 121 27 2 118 220 40 29 5 4 4 0 72 553 0 4 6 4 0 20 0 17 0 13 5 1 61 82 10 18 0 17 52 192 49 11 165 951 27 14 2 6 1 0 24 44
7 0 4 1 20 25 28 16 5 25 4358 9 48 36 0 10 152 2258 1507 6 35 1 61 25 7 1224 108 56 1178 33 4 71 14 861 24 636 1005 1487 628 40 40 24 89 58 7 7 3 3 4 0 3 0 0 1 1 3 0 3 1 50 0 28 0 1 1 0 16 3 1 5 3 3 4 16 38 75 7 2 0 15 1 0 1 12
24 8 79 6 40 32 72 40 9 67 2942 37 52 48 10 30 4334 1507 6042 11 205 9 469 67 3 2131 806 158 616 86 8 141 72 6554 123 2633 2561 4321 1223 145 22 15 217 379 41 18 13 6 6 0 18 32 1 1 1 4 1 8 1 50 2 43 0 4 10 10 70 50 0 4 10 30 25 27 305 464 13 4 3 34 2 0 11 67
5 7 3 1807 24 378 11 262 884 166 61 3193 23 107 361 4 2 6 11 606 4 21 2 863 7 2 30 364 162 0 2 30 7 98 173 169 12 55 35 427 32 11 78 6 26 9 143 10 5 3 1 0 337 13 149 61 85 68 487 15 338 4 40 50 5 1 0 0 249 5 7 3 198 1 0 4 323 55 2 0 7 0 17 19
151 14 657 7 40 27 1426 314 25 112 196 32 71 788 14 2009 1791 35 205 4 23719 190 26717 1299 22 189 509 14651 5263 17317 0 51 1926 7449 880 3551 784 3674 912 1089 83 23 301 47 117 92 59 30 8 1 7 54 5 9 13 79 21 76 11 34 25 18 23 6 1010 11 0 4 7 306 175 936 843 13 6 141 429 98 51 2 7 10 74 163
2 2601 52 211 4 3 2 8 3089 1 7 33 58 3 14 9620 62 1 9 21 190 5926 633 6940 1398 41 8201 535 19 24 6 2 5 44 26 131 46 61 14 48 8 5 152 60 59 32 31 5 3 1 2795 156 56 1 10 17 7 1787 7 12 31 64 8 13 4032 48 4 6 4 145 9695 1025 3417 488 75 3983 140 35 22 2 2 7 25 16
192 30 16977 2 95 47 1031 379 56 125 284 57 164 1101 33 3856 15070 61 469 2 26717 633 39527 1716 38 2741 9309 3926 2173 2999 0 121 955 10025 2146 10444 5881 9201 2266 1907 225 67 987 245 428 405 158 77 42 2 75 1554 8 24 26 47 9 129 15 110 35 45 13 10 3161 242 10 17 4 1134 958 11544 888 17 21 3739 217 70 48 2 2 12 150 495
119 897 96 4502 151 313 596 439 12066 319 204 1431 115 406 685 10206 123 25 67 863 1299 6940 1716 25354 635 34 4233 6115 1375 610 1 124 359 807 357 2042 194 683 332 1883 164 28 1095 101 542 211 347 49 21 54 666 71 1006 49 220 601 303 4310 694 165 218 35 407 90 3703 23 10 21 215 451 4161 883 17003 125 32 989 2896 1042 183 0 46 62 357 151
2 1541 15 42 66 19 9 17 455 12 261 14 5039 2 4 110 9 7 3 7 22 1398 38 635 3850 76 6454 55 17 3 446 45 5 99 47 500 800 407 453 181 204 278 425 442 192 243 154 79 501 0 748 43 13 35 31 12 28 125 23 745 7 4232 14 12 62 6 71 30 10 25 407 74 174 2951 212 1476 45 21 11 74 40 0 42 40
42 107 4583 2 14 15 64 62 13 16 3066 9 1365 164 3 22 1791 1224 2131 2 189 41 2741 34 76 25816 8621 62 161 194 367 40 6 377 82 1517 2781 1246 615 90 41 32 354 1761 174 72 16 5 16 0 229 1170 2 2 4 5 3 13 7 205 5 278 4 4 28 225 266 210 1 20 58 101 25 215 1883 3811 9 36 15 150 0 4 53 41
36 15603 14144 100 42 36 55 66 1218 34 126 45 3664 131 27 7784 5117 108 806 30 509 8201 9309 4233 6454 8621 60096 1252 308 165 646 68 16 1737 663 5964 3214 3091 1030 397 76 47 1117 4026 754 325 94 34 48 2 4146 7536 29 17 24 33 14 479 16 245 22 791 13 10 2884 1232 401 577 9 308 3766 4546 1032 1757 3421 32626 89 179 45 193 8 9 220 234
312 45 368 654 77 140 9313 673 692 643 399 160 197 1265 51 2320 356 56 158 364 14651 535 3926 6115 55 62 1252 24375 2943 14568 5 117 806 2072 418 4446 373 1804 749 930 167 55 985 79 457 197 388 54 28 54 27 23 614 49 264 691 315 777 1353 178 217 30 379 110 1021 16 14 11 278 427 367 392 4117 20 10 116 3410 919 173 1 32 60 333 143
9579 5 151 188 400 319 2586 579 133 1147 4528 251 531 15660 13 83 2986 1178 616 162 5263 19 2173 1375 17 161 308 2943 42007 9343 8 3440 4914 10287 88 719 228 2313 457 414 266 49 185 36 83 36 48 12 12 5 8 23 63 10 37 111 46 109 97 25 25 41 62 10 73 3 6 1 33 45 27 64 606 9 5 55 479 180 30 4 7 12 60 20
2100 4 263 8 24 12 13288 1122 56 195 164 10 56 5224 5 124 2125 33 86 0 17317 24 2999 610 3 194 165 14568 9343 34374 1 33 1748 3829 204 780 105 1186 261 258 26 15 85 10 35 23 21 4 3 4 5 30 9 0 9 29 10 41 3 18 3 10 17 3 94 6 1 1 2 38 29 61 298 4 1 31 173 45 9 0 3 5 15 32
0 2 0 0 3 0 0 5 1 3 48 0 1758 0 0 0 0 4 8 2 0 6 0 1 446 367 646 5 8 1 48 3 1 26 1 99 226 158 99 6 8 6 24 110 7 6 0 0 3 0 14 0 0 0 0 0 2 2 0 50 0 85 1 0 0 0 21 10 0 0 2 1 0 35 57 185 0 0 0 30 0 0 1 1
35 3 27 17 6250 6582 57 6047 104 124 2186 156 686 6269 417 9 178 71 141 30 51 2 121 124 45 40 68 117 3440 33 3 4458 11 3510 81 764 228 1250 1344 5046 2561 121 112 29 26 25 22 11 12 2 0 8 6 7 9 26 3 14 15 36 4 50 8 3 8 2 1 2 9 6 4 7 98 18 1 18 59 18 7 1 0 2 7 23
29 1 7 49 7 2 262 20 38 50 129 5 51 73 1 21 289 14 72 7 1926 5 955 359 5 6 16 806 4914 1748 1 11 2565 3910 6 44 21 422 52 18 23 7 36 4 9 15 7 1 0 0 0 1 9 1 8 31 11 22 16 6 4 4 15 0 13 1 1 0 3 8 7 8 122 3 1 4 100 30 5 0 1 4 11 7
279 15 649 81 2073 420 754 393 107 581 15602 221 1882 710 27 407 15417 861 6554 98 7449 44 10025 807 99 377 1737 2072 10287 3829 26 3510 3910 26030 85 815 598 6418 730 1357 2018 200 197 85 85 47 57 13 31 5 13 144 26 5 24 80 39 68 58 89 15 117 52 5 137 18 8 5 24 51 39 246 436 40 18 284 310 110 23 7 4 4 44 37
23 5 214 38 1826 43608 136 29218 771 21104 82 40586 167 732 14760 294 150 24 123 173 880 26 2146 357 47 82 663 418 88 204 1 81 6 85 481497 2859 734 615 1010 2423 209 46 1278 504 393 1040 833 360 48 1 13 117 24 350 6720 69 296 197 224 214 10057 83 32 3204 144 30 28 82 27 310 18 755 141 30 64 320 179 39 110 6 57 3 87 116836
53 55 2702 176 766 852 1080 763 313 770 1339 444 1971 275 288 1528 1409 636 2633 169 3551 131 10444 2042 500 1517 5964 4446 719 780 99 764 44 815 2859 19859 12741 3166 2638 6816 1528 772 5746 1564 1109 766 643 315 369 16 71 326 96 192 218 189 174 213 189 1198 138 560 164 77 570 69 133 214 77 246 155 897 1078 255 238 1065 756 284 94 36 121 20 273 1011
6 32 2043 14 257 160 79 113 24 88 1272 40 4097 63 39 437 664 1005 2561 12 784 46 5881 194 800 2781 3214 373 228 105 226 228 21 598 734 12741 8401 2044 1867 1375 652 462 1520 2157 378 299 185 88 623 1 47 514 18 49 57 37 34 34 52 1837 16 1735 21 14 196 115 294 119 7 72 56 541 133 464 852 2111 77 54 21 262 41 3 109 265
101 17 1029 58 736 377 578 586 61 369 4704 136 4511 403 18 558 3617 1487 4321 55 3674 61 9201 683 407 1246 3091 1804 2313 1186 158 1250 422 6418 615 3166 2044 3849 2806 1114 956 542 809 258 173 170 149 59 169 7 32 204 36 29 51 75 56 63 59 356 28 433 48 10 220 44 18 19 25 80 82 545 419 130 48 561 254 103 21 22 27 6 49 193
20 10 310 46 1018 365 277 440 62 222 1502 87 2337 112 24 171 568 628 1223 35 912 14 2266 332 453 615 1030 749 457 261 99 1344 52 730 1010 2638 1867 2806 367 667 794 406 1071 308 181 265 179 101 265 3 17 65 18 55 36 46 50 29 38 479 30 410 33 19 84 13 22 23 15 58 17 178 193 194 40 193 139 59 22 11 29 1 49 455
38 12 155 393 14064 9685 172 7393 1959 388 1899 1936 1326 193 5437 319 121 40 145 427 1089 48 1907 1883 181 90 397 930 414 258 6 5046 18 1357 2423 6816 1375 1114 667 19635 14925 296 849 268 200 231 477 111 118 5 6 40 173 57 224 123 126 111 298 267 233 186 92 131 126 7 18 19 157 70 30 172 479 94 32 99 459 144 26 2 29 4 85 570
18 3 20 23 6286 1806 94 1434 127 133 3536 131 2563 44 402 19 27 40 22 32 83 8 225 164 204 41 76 167 266 26 8 2561 23 2018 209 1528 652 956 794 14925 3212 339 321 118 76 147 103 42 95 0 3 9 13 24 25 20 13 15 35 200 23 225 22 7 14 2 4 7 7 18 7 46 63 104 7 28 70 28 11 4 13 3 32 130
0 5 8 2 136 41 21 49 7 26 322 21 980 1 7 9 2 24 15 11 23 5 67 28 278 32 47 55 49 15 6 121 7 200 46 772 462 542 406 296 339 35 428 229 140 218 137 54 531 1 7 9 8 35 37 18 31 11 28 796 15 946 15 6 24 1 13 4 9 13 2 36 34 343 12 38 29 15 9 11 27 2 51 34
10 77 288 98 146 119 79 120 219 191 346 195 1018 64 48 782 118 89 217 78 301 152 987 1095 425 354 1117 985 185 85 24 112 36 197 1278 5746 1520 809 1071 849 321 428 19774 12244 6062 3449 7641 1499 690 135 89 2287 424 1359 2421 1896 1824 838 1148 3704 843 1001 1386 1003 2002 533 832 2363 396 4511 157 11054 3641 333 1836 7306 5899 1978 1941 133 812 72 1445 2215
2 164 807 9 37 37 12 28 27 21 454 37 1374 13 8 119 220 58 379 6 47 60 245 101 442 1761 4026 79 36 10 110 29 4 85 504 1564 2157 258 308 268 118 229 12244 9474 5471 3945 1437 674 750 15 98 1597 46 347 444 204 416 121 136 2222 111 1108 263 126 283 744 1705 1798 73 518 39 2556 269 315 3168 3847 428 527 163 351 335 31 988 860
6 44 187 46 26 41 22 54 90 67 101 45 317 32 8 372 40 7 41 26 117 59 428 542 192 174 754 457 83 35 7 26 9 85 393 1109 378 173 181 200 76 140 6062 5471 6626 3870 1731 882 750 144 53 1375 253 602 858 1639 997 150 798 5886 251 1388 1241 129 823 1872 2054 3759 276 5426 55 9013 1842 170 1733 4447 3275 4408 3381 315 1003 623 7723 619
1 22 71 11 64 29 16 47 41 34 76 70 447 11 6 228 29 7 18 9 92 32 405 211 243 72 325 197 36 23 6 25 15 47 1040 766 299 170 265 231 147 218 3449 3945 3870 415 2101 1051 662 40 38 563 71 1164 1169 634 1127 87 305 2298 123 880 525 134 516 379 640 1291 69 2408 38 6035 695 290 760 2369 1251 538 1038 107 1100 68 729 1380
2 9 27 151 55 81 18 74 236 264 66 270 255 23 30 66 5 3 13 143 59 31 158 347 154 16 94 388 48 21 0 22 7 57 833 643 185 149 179 477 103 137 7641 1437 1731 2101 20477 14411 598 21 42 119 486 13207 15550 409 7711 2829 678 5796 2851 1022 811 7519 137 73 163 235 512 523 71 1061 1124 154 150 455 805 518 253 65 4003 16 2494 2054
1 1 10 11 24 14 6 23 31 17 32 28 147 7 3 25 4 3 6 10 30 5 77 49 79 5 34 54 12 4 0 11 1 13 360 315 88 59 101 111 42 54 1499 674 882 1051 14411 3222 536 4 10 37 41 5933 2388 129 1404 266 128 5601 114 879 160 620 39 26 62 23 48 162 2 420 122 106 47 129 197 220 67 29 2826 5 2800 343
0 5 9 5 23 17 3 15 7 9 164 10 1112 2 5 12 4 4 6 5 8 3 42 21 501 16 48 28 12 3 3 12 0 31 48 369 623 169 265 118 95 531 690 750 750 662 598 536 48 4 20 17 17 237 201 62 160 30 74 1447 25 1094 82 30 28 7 39 17 21 60 6 122 78 387 27 67 105 104 41 23 272 5 364 58
1 1 0 5 0 4 1 6 9 6 3 2 2 3 1 3 0 0 0 3 1 1 2 54 0 0 2 54 5 4 0 2 0 5 1 16 1 7 3 5 0 1 135 15 144 40 21 4 4 7781 2 14 45 4 24 7833 254 23 247 51 14 7 11934 5 8 20 7 7 14 71 1 74 327 2 5 18 857 13328 3828 0 7 27 169 16
0 4271 159 20 1 2 2 1 404 1 12 3 85 3 0 181 72 3 18 1 7 2795 75 666 748 229 4146 27 8 5 14 0 0 13 13 71 47 32 17 6 3 7 89 98 53 38 42 10 20 2 3660 93 39 5 8 3 1 758 1 45 33 608 2 15 417 39 16 52 6 8 4025 56 1469 4328 329 11076 47 11 5 13 0 0 7 7
3 472 3288 4 0 3 6 8 22 3 4 8 14 16 2 151 553 0 32 0 54 156 1554 71 43 1170 7536 23 23 30 0 8 1 144 117 326 514 204 65 40 9 9 2287 1597 1375 563 119 37 17 14 93 17904 3 9 17 377 57 26 14 74 5 12 95 9 178 12302 27 1165 3 1187 80 21568 144 19 10951 18090 332 673 257 4 9 18 468 143
2 9 1 1310 4 56 17 33 531 482 11 307 13 23 19 18 0 0 1 337 5 56 8 1006 13 2 29 614 63 9 0 6 9 26 24 96 18 36 18 173 13 8 424 46 253 71 486 41 17 45 39 3 2822 53 1109 123 728 1603 561 185 4679 19 485 364 30 14 20 18 2798 3 108 13 9710 12 11 75 1009 635 28 3 29 9 206 172
0 3 6 14 7 14 4 14 32 25 14 47 75 2 10 7 4 1 1 13 9 1 24 49 35 2 17 49 10 0 0 7 1 5 350 192 49 29 55 57 24 35 1359 347 602 1164 13207 5933 237 4 5 9 53 3826 3983 94 4059 500 145 2618 236 388 336 1090 6 13 41 20 71 43 7 69 127 62 24 53 121 151 23 13 3357 3 1831 1366
0 5 6 245 13 263 9 86 120 308 25 3003 63 10 120 8 6 1 1 149 13 10 26 220 31 4 24 264 37 9 0 9 8 24 6720 218 57 51 36 224 25 37 2421 444 858 1169 15550 2388 201 24 8 17 1109 3983 26521 706 36349 1983 10886 1245 23682 247 2484 13524 19 20 67 52 2019 63 23 105 809 30 50 99 508 427 74 20 3180 11 640 52905
8 3 12 84 9 34 32 65 89 167 33 47 32 44 1 39 4 3 4 61 79 17 47 601 12 5 33 691 111 29 0 26 31 80 69 189 37 75 46 123 20 18 1896 204 1639 634 409 129 62 7833 3 377 123 94 706 73665 5254 197 5352 583 88 85 23416 77 35 277 60 116 56 7425 12 2175 1687 18 50 144 30972 8071 23651 7 92 148 1380 253
4 2 4 181 11 32 16 36 58 126 12 294 42 29 8 9 0 0 1 85 21 7 9 303 28 3 14 315 46 10 2 3 11 39 296 174 34 56 50 126 13 31 1824 416 997 1127 7711 1404 160 254 1 57 728 4059 36349 5254 43747 598 8466 1252 3206 254 37859 2782 28 44 69 64 1297 256 11 286 874 25 32 75 1333 1451 911 22 2908 22 577 7388
6 296 13 358 7 29 21 51 3268 160 20 93 24 34 14 399 20 3 8 68 76 1787 129 4310 125 13 479 777 109 41 2 14 22 68 197 213 34 63 29 111 15 11 838 121 150 87 2829 266 30 23 758 26 1603 500 1983 197 598 3276 679 156 4959 54 191 3021 564 15 8 24 1470 30 3094 78 9427 135 33 1018 1018 327 63 3 109 21 115 708
1 0 8 691 15 118 56 83 299 1345 26 590 39 41 28 6 0 1 1 487 11 7 15 694 23 7 16 1353 97 3 0 15 16 58 224 189 52 59 38 298 35 28 1148 136 798 305 678 128 74 247 1 14 561 145 10886 5352 8466 679 8924 513 2279 85 5067 415 3 53 50 75 619 47 4 92 576 13 32 56 2160 2652 162 10 106 12 681 8870
1 13 19 47 74 33 12 18 27 35 530 29 1898 4 7 38 17 50 50 15 34 12 110 165 745 205 245 178 25 18 50 36 6 89 214 1198 1837 356 479 267 200 796 3704 2222 5886 2298 5796 5601 1447 51 45 74 185 2618 1245 583 1252 156 513 28141 319 3828 1140 207 68 2054 4177 1462 268 438 27 657 548 597 2642 357 745 3296 382 403 3192 86 14387 318
0 12 9 495 20 507 14 127 170 461 10 2123 26 10 285 13 0 0 2 338 25 31 35 218 7 5 22 217 25 3 0 4 4 15 10057 138 16 28 30 233 23 15 843 111 251 123 2851 114 25 14 33 5 4679 236 23682 88 3206 4959 2279 319 11474 31 585 5941 11 12 29 30 5167 40 110 68 4006 12 30 100 826 414 20 4 87 1 220 41603
1 120 9 3 73 11 5 16 12 24 712 15 6551 3 4 9 13 28 43 4 18 64 45 35 4232 278 791 30 41 10 85 50 4 117 83 560 1735 433 410 186 225 946 1001 1108 1388 880 1022 879 1094 7 608 12 19 388 247 85 254 54 85 3828 31 7506 148 39 34 8 32 21 29 62 110 119 108 4749 176 4009 110 217 41 1041 442 4 698 78
3 0 4 86 8 24 14 41 69 76 9 32 19 32 4 21 5 0 0 40 23 8 13 407 14 4 13 379 62 17 1 8 15 52 32 164 21 48 33 92 22 15 1386 263 1241 525 811 160 82 11934 2 95 485 336 2484 23416 37859 191 5067 1140 585 148 43645 172 36 231 349 90 523 578 8 707 1626 13 48 99 3657 33668 6707 14 3257 95 1423 203
0 8 1 75 9 109 4 16 124 95 6 617 16 6 100 6 1 1 4 50 6 13 10 90 12 4 10 110 10 3 0 3 0 5 3204 77 14 10 19 131 7 6 1003 126 129 134 7519 620 30 5 15 9 364 1090 13524 77 2782 3021 415 207 5941 39 172 3029 5 3 8 13 471 9 50 28 600 6 13 50 136 66 16 4 212 1 89 11165
7 207 127 11 3 9 31 30 538 12 20 19 29 21 2 9068 61 1 10 5 1010 4032 3161 3703 62 28 2884 1021 73 94 0 8 13 137 144 570 196 220 84 126 14 24 2002 283 823 516 137 39 28 8 417 178 30 6 19 35 28 564 3 68 11 34 36 5 10828 98 15 41 1 1499 12064 4273 11574 46 67 6364 1714 247 162 1 7 46 524 217
1 75 506 3 2 2 2 2 7 0 1 0 6 1 0 57 82 0 10 1 11 48 242 23 6 225 1232 16 3 6 0 2 1 18 30 69 115 44 13 7 2 1 533 744 1872 379 73 26 7 20 39 12302 14 13 20 277 44 15 53 2054 12 8 231 3 98 7099 536 4305 14 1635 62 14761 83 0 2900 8147 180 4551 1425 1 30 240 12491 43
1 9 11 2 4 2 0 2 4 3 35 1 168 0 0 6 10 16 70 0 0 4 10 10 71 266 401 14 6 1 21 1 1 8 28 133 294 18 22 18 4 13 832 1705 2054 640 163 62 39 7 16 27 20 41 67 60 69 8 50 4177 29 32 349 8 15 536 3217 3169 29 101 0 167 67 18 2813 426 91 2017 86 28 130 27 2229 36
0 34 37 8 4 2 1 1 3 4 14 5 61 0 0 8 18 3 50 0 4 6 17 21 30 210 577 11 1 1 10 2 0 5 82 214 119 19 23 19 7 4 2363 1798 3759 1291 235 23 17 7 52 1165 18 20 52 116 64 24 75 1462 30 21 90 13 41 4305 3169 5830 29 229 20 658 87 30 4355 2952 155 424 280 13 34 35 4163 130
3 4 1 715 5 45 10 23 75 317 8 255 21 6 17 2 0 1 0 249 7 4 4 215 10 1 9 278 33 2 0 9 3 24 27 77 7 25 15 157 7 9 396 73 276 69 512 48 21 14 6 3 2798 71 2019 56 1297 1470 619 268 5167 29 523 471 1 14 29 29 1391 2 14 8 1485 3 16 27 406 520 6 3 40 0 249 393
3 8 77 4 9 8 11 24 55 9 10 32 41 16 6 960 17 5 4 5 306 145 1134 451 25 20 308 427 45 38 0 6 8 51 310 246 72 80 58 70 18 13 4511 518 5426 2408 523 162 60 71 8 1187 3 43 63 7425 256 30 47 438 40 62 578 9 1499 1635 101 229 2 29176 91 34663 1182 24 93 507 9067 4280 21026 7 54 1924 9477 829
2 2003 157 62 3 1 12 12 2287 3 9 11 23 14 1 3947 52 3 10 7 175 9695 958 4161 407 58 3766 367 27 29 2 4 7 39 18 155 56 82 17 30 7 2 157 39 55 38 71 2 6 1 4025 80 108 7 23 12 11 3094 4 27 110 110 8 50 12064 62 0 20 14 91 7340 590 7102 701 107 9152 333 44 15 1 3 6 29 14
2 75 1194 18 23 25 19 29 166 14 30 48 87 22 14 4918 192 3 30 3 936 1025 11544 883 74 101 4546 392 64 61 1 7 8 246 755 897 541 545 178 172 46 36 11054 2556 9013 6035 1061 420 122 74 56 21568 13 69 105 2175 286 78 92 657 68 119 707 28 4273 14761 167 658 8 34663 590 47416 790 60 566 11783 1953 5023 4187 9 63 1173 14466 1694
37 502 74 1085 42 158 142 313 4546 605 155 168 85 228 24 2561 49 4 25 198 843 3417 888 17003 174 25 1032 4117 606 298 0 98 122 436 141 1078 133 419 193 479 63 34 3641 269 1842 695 1124 122 78 327 1469 144 9710 127 809 1687 874 9427 576 548 4006 108 1626 600 11574 83 67 87 1485 1182 7102 790 28651 237 94 3366 8159 4759 1261 9 89 338 1528 327
0 1198 38 3 33 9 3 2 74 4 269 5 2028 1 1 27 11 16 27 1 13 488 17 125 2951 215 1757 20 9 4 35 18 3 40 30 255 464 130 194 94 104 343 333 315 170 290 154 106 387 2 4328 19 12 62 30 18 25 135 13 597 12 4749 13 6 46 0 18 30 3 24 701 60 237 2646 135 6926 39 10 6 86 45 1 59 29
0 551 289 1 4 2 1 2 6 7 69 4 299 1 3 21 165 38 305 0 6 75 21 32 212 1883 3421 10 5 1 57 1 1 18 64 238 852 48 40 32 7 12 1836 3168 1733 760 150 47 27 5 329 10951 11 24 50 50 32 33 32 2642 30 176 48 13 67 2900 2813 4355 16 93 107 566 94 135 31278 9784 53 172 147 1118 44 11 382 86
0 6069 4263 22 19 11 16 9 375 10 185 17 820 24 6 2011 951 75 464 4 141 3983 3739 989 1476 3811 32626 116 55 31 185 18 4 284 320 1065 2111 561 193 99 28 38 7306 3847 4447 2369 455 129 67 18 11076 18090 75 53 99 144 75 1018 56 357 100 4009 99 50 6364 8147 426 2952 27 507 9152 11783 3366 6926 9784 58942 454 1166 365 967 62 45 1442 442
22 16 29 470 42 173 116 251 582 912 116 279 91 193 22 370 27 7 13 323 429 140 217 2896 45 9 89 3410 479 173 0 59 100 310 179 756 77 254 139 459 70 29 5899 428 3275 1251 805 197 105 857 47 332 1009 121 508 30972 1333 1018 2160 745 826 110 3657 136 1714 180 91 155 406 9067 333 1953 8159 39 53 454 40958 9395 7886 9 139 797 2903 544
11 5 82 85 12 42 50 103 221 77 28 38 33 65 5 92 14 2 4 55 98 35 70 1042 21 36 179 919 180 45 0 18 30 110 39 284 54 103 59 144 28 15 1978 527 4408 538 518 220 104 13328 11 673 635 151 427 8071 1451 327 2652 3296 414 217 33668 66 247 4551 2017 424 520 4280 44 5023 4759 10 172 1166 9395 47532 19584 32 2181 5696 16886 135
0 4 4 3 1 5 1 13 51 11 5 10 13 13 2 30 2 0 3 2 51 22 48 183 11 15 45 173 30 9 0 7 5 23 110 94 21 21 22 26 11 9 1941 163 3381 1038 253 67 41 3828 5 257 28 23 74 23651 911 63 162 382 20 41 6707 16 162 1425 86 280 6 21026 15 4187 1261 6 147 365 7886 19584 53789 4 39 2879 6475 331
0 6 2 0 3 0 0 0 0 2 66 0 225 0 1 1 6 15 34 0 2 2 2 0 74 150 193 1 4 0 30 1 0 7 6 36 262 22 11 2 4 11 133 351 315 107 65 29 23 0 13 4 3 13 20 7 22 3 10 403 4 1041 14 4 1 1 28 13 3 7 1 9 9 86 1118 967 9 32 4 231 23 1 78 7
0 2 1 2 0 7 2 6 10 8 10 8 71 2 1 5 1 1 2 7 7 2 2 46 40 0 8 32 7 3 0 0 1 4 57 121 41 27 29 29 13 27 812 335 1003 1100 4003 2826 272 7 0 9 29 3357 3180 92 2908 109 106 3192 87 442 3257 212 7 30 130 34 40 54 3 63 89 45 44 62 139 2181 39 23 2082 4 3031 70
0 0 5 1 1 2 2 3 13 2 1 2 0 4 0 11 0 0 0 0 10 7 12 62 0 4 9 60 12 5 0 2 4 4 3 20 3 6 1 4 3 2 72 31 623 68 16 5 5 27 0 18 9 3 11 148 22 21 12 86 1 4 95 1 46 240 27 35 0 1924 6 1173 338 1 11 45 797 5696 2879 1 4 1118 4628 13
2 14 69 34 8 20 17 27 69 27 19 25 93 22 6 186 24 1 11 17 74 25 150 357 42 53 220 333 60 15 1 7 11 44 87 273 109 49 49 85 32 51 1445 988 7723 729 2494 2800 364 169 7 468 206 1831 640 1380 577 115 681 14387 220 698 1423 89 524 12491 2229 4163 249 9477 29 14466 1528 59 382 1442 2903 16886 6475 78 3031 4628 23292 132
3 4 77 38 146 2682 13 759 236 1816 45 17588 147 20 1993 110 44 12 67 19 163 16 495 151 40 41 234 143 20 32 1 23 7 37 116836 1011 265 193 455 570 130 34 2215 860 619 1380 2054 343 58 16 7 143 172 1366 52905 253 7388 708 8870 318 41603 78 203 11165 217 43 36 130 393 829 14 1694 327 29 86 442 544 135 331 7 70 13 132 418956
