20.268 24.023 24.944 56.481 71.718 84.752 36.997 33.613 71.673 23.516 57.943 86.335 26.760 79.041 100.631 30.986 80.848 81.877 138.157 0.000 0.000 167.344 189.887 173.548 178.525 128.907 141.695 48.330 75.791 95.441 118.150 145.079 59.802 87.585 94.827 88.723 128.477 129.817 110.062 140.980 120.389 162.933 147.299 162.483 126.855 150.362 0.000 153.509 168.345 0.000 0.000 172.484 166.257 106.510 167.606 167.096 179.045 150.733 172.490 174.625 177.009 151.587 116.254 171.175 179.509 176.642 176.437 178.675 187.169 179.882 159.605 181.748 155.129 130.122 85.647 89.439 52.282 65.614 66.085 67.426 161.094 116.448 117.081 109.031 121.554 131.012 134.961 133.032 124.539 141.429 121.984 133.755 0.000 113.345 139.640 157.537 125.887 144.289 84.067 177.954 0.000 163.672 156.213 151.752 199.886 147.289 140.041 0.000 94.579 110.237 116.059 149.936 165.791 121.399 159.130 142.368 136.366 0.000 181.422 134.971 181.527 162.020 0.000 0.000 0.000 152.655 0.000 193.943 177.975 0.000 0.000 0.000 198.573 0.000 0.000 0.000 196.105 176.545 0.000 0.000 0.000 0.000 174.056 165.931 0.000 0.000 0.000 199.958 0.000 0.000 190.726 0.000 199.824 183.694 165.097 133.638 147.149 80.081 124.948 130.267 76.249 170.807
24.023 18.060 21.947 21.584 29.863 71.396 25.949 27.729 68.003 36.503 73.389 91.723 58.164 102.682 118.747 55.240 102.848 18.727 92.065 91.971 110.402 147.243 0.000 136.665 159.707 92.537 124.082 68.999 90.089 102.158 126.116 151.841 22.535 45.601 40.110 24.012 94.447 113.403 64.276 135.089 115.179 142.175 0.000 116.556 132.071 133.067 160.492 128.990 138.664 141.302 163.007 120.855 173.561 18.556 157.357 160.780 154.681 135.277 150.218 150.903 150.111 153.820 199.144 152.658 142.453 148.900 153.238 150.647 163.390 155.068 143.874 164.123 26.941 145.337 18.696 82.035 40.467 50.018 52.836 28.141 149.052 114.468 114.020 104.855 117.992 125.746 127.605 128.772 120.526 144.115 122.329 139.125 199.974 113.151 142.607 169.420 124.162 148.477 41.287 167.643 0.000 161.874 0.000 0.000 0.000 188.692 169.421 0.000 95.963 116.658 155.064 164.814 189.876 115.770 144.647 109.645 127.219 152.514 198.460 129.798 148.760 160.269 0.000 0.000 0.000 143.842 0.000 133.950 0.000 182.994 0.000 0.000 0.000 0.000 96.976 0.000 0.000 199.130 195.682 0.000 0.000 198.653 181.665 189.689 182.999 0.000 0.000 0.000 0.000 0.000 168.405 190.531 157.146 155.611 193.855 61.359 142.912 77.388 121.030 114.791 63.759 173.481
24.944 21.947 14.483 77.816 86.389 164.508 97.626 49.428 98.064 44.130 63.160 103.978 30.030 81.397 92.813 34.249 87.317 15.499 0.000 0.000 142.902 199.983 0.000 130.883 151.457 131.646 151.273 24.273 55.565 82.119 101.153 127.388 30.013 37.189 54.882 37.779 88.639 97.853 67.858 126.414 98.804 132.105 117.769 110.716 124.411 129.532 141.303 118.696 133.428 125.889 0.000 134.968 146.286 26.315 136.094 185.728 159.885 122.835 156.891 143.498 151.456 133.830 109.097 151.108 128.443 150.747 149.514 150.825 158.778 155.281 137.299 179.464 37.998 95.954 20.174 68.940 37.256 41.969 30.768 21.709 166.901 111.030 105.163 93.779 115.570 120.451 140.415 120.099 119.541 140.489 117.525 136.697 145.373 99.108 127.583 114.053 124.040 162.951 26.833 0.000 0.000 163.748 0.000 0.000 0.000 0.000 199.106 0.000 70.427 97.293 131.528 127.761 145.439 116.175 113.389 98.231 111.869 0.000 142.078 129.858 0.000 142.943 0.000 89.998 0.000 0.000 0.000 0.000 0.000 175.142 0.000 0.000 0.000 178.300 65.779 0.000 189.312 196.853 0.000 162.481 169.067 199.453 174.954 178.910 185.604 0.000 0.000 156.843 195.358 170.908 172.938 199.753 144.526 80.558 98.125 54.587 102.220 61.990 56.582 67.608 42.312 126.967
56.481 21.584 77.816 19.069 21.468 59.889 22.299 50.806 75.764 56.692 89.299 76.250 72.743 123.307 131.913 68.348 101.204 89.303 108.967 0.000 185.965 149.110 0.000 151.463 160.598 130.464 122.202 71.995 85.467 89.373 122.094 147.502 26.164 64.231 79.066 55.677 99.595 111.172 69.073 137.000 129.402 146.919 101.312 164.825 151.838 145.012 0.000 124.216 166.413 130.651 0.000 178.360 176.976 53.623 149.425 131.046 162.736 133.336 126.669 156.818 156.119 155.752 137.006 146.647 158.246 162.351 158.668 151.391 174.799 169.022 151.799 170.737 135.563 0.000 73.736 80.894 52.166 54.642 57.816 0.000 156.491 116.940 116.998 112.530 120.536 124.722 127.743 121.189 120.023 165.841 115.914 0.000 0.000 114.993 140.799 166.728 122.317 165.614 0.000 151.256 0.000 176.188 199.770 0.000 0.000 0.000 0.000 0.000 95.735 117.212 154.698 171.875 174.066 119.772 146.382 132.915 132.585 0.000 199.585 132.814 0.000 147.431 0.000 0.000 0.000 142.481 185.792 0.000 195.587 0.000 0.000 0.000 0.000 0.000 0.000 0.000 0.000 0.000 199.836 175.051 0.000 0.000 171.748 194.832 0.000 0.000 0.000 0.000 0.000 0.000 172.189 0.000 172.838 0.000 0.000 141.897 143.095 87.171 126.766 131.257 84.741 178.864
71.718 29.863 86.389 21.468 17.819 25.776 17.772 59.413 59.793 60.890 64.590 72.916 76.825 83.751 95.760 73.551 79.783 0.000 55.235 98.124 72.669 117.981 0.000 99.619 158.797 92.241 118.748 74.861 79.564 99.259 121.123 140.787 30.531 70.715 85.794 79.602 106.103 107.150 75.401 129.728 120.042 139.183 133.447 134.382 146.687 141.025 147.816 137.701 150.368 127.396 175.898 156.777 163.365 164.232 134.671 132.363 162.881 120.218 122.619 151.190 165.713 147.384 119.345 154.408 151.014 161.829 164.983 168.200 178.929 173.253 151.328 165.124 127.355 142.346 126.867 80.107 69.230 56.411 61.844 108.989 145.971 126.258 125.443 140.959 127.645 132.237 135.817 130.441 125.062 130.370 123.262 124.172 145.878 121.059 127.018 139.166 127.535 137.522 103.880 147.131 0.000 148.177 173.029 0.000 197.997 0.000 142.946 0.000 96.545 91.342 133.592 181.662 195.566 129.020 164.124 134.975 138.027 172.081 186.104 139.434 167.254 152.010 0.000 0.000 0.000 157.566 0.000 168.991 0.000 0.000 0.000 0.000 0.000 0.000 198.967 0.000 197.481 196.499 190.807 193.662 0.000 0.000 190.599 166.021 0.000 0.000 0.000 0.000 0.000 0.000 174.771 0.000 183.291 181.914 189.781 185.181 151.344 100.021 137.480 136.924 0.000 173.600
84.752 71.396 164.508 59.889 25.776 21.464 26.034 57.356 59.076 72.712 69.095 69.012 83.689 80.114 83.938 83.109 78.772 97.851 23.642 73.428 29.469 68.370 39.099 70.403 129.726 29.902 45.850 99.347 78.913 87.424 121.496 143.902 30.772 39.738 82.902 30.733 37.435 95.068 27.532 105.377 110.491 120.501 126.236 124.753 134.299 128.609 131.440 132.223 143.027 142.669 0.000 93.979 155.035 0.000 70.436 76.163 121.680 85.010 91.435 109.046 114.584 139.978 119.848 162.938 124.919 155.802 142.802 137.154 157.380 155.692 144.834 154.164 100.546 132.638 74.660 73.027 77.993 50.028 60.771 159.922 141.106 146.395 157.162 0.000 149.847 144.801 139.536 145.658 145.040 134.387 130.125 129.011 135.727 135.929 122.506 139.290 140.317 141.020 104.938 151.936 164.571 155.654 150.421 0.000 0.000 166.712 156.008 0.000 123.437 100.191 107.926 146.534 0.000 150.751 0.000 194.966 0.000 0.000 192.846 149.345 0.000 0.000 0.000 0.000 0.000 0.000 0.000 0.000 0.000 0.000 0.000 0.000 0.000 0.000 0.000 192.615 0.000 189.613 190.487 0.000 0.000 0.000 179.200 155.762 0.000 0.000 0.000 0.000 0.000 197.754 0.000 0.000 0.000 0.000 0.000 121.985 151.063 109.871 147.930 120.073 0.000 160.987
36.997 25.949 97.626 22.299 17.772 26.034 13.878 21.095 28.141 34.809 52.318 38.823 71.272 72.811 79.456 68.264 66.766 0.000 18.089 54.248 49.527 57.141 43.996 64.466 134.669 81.431 106.679 87.770 75.694 84.412 101.400 130.192 58.279 79.373 96.426 85.934 106.878 95.798 94.069 112.544 111.438 120.421 131.069 126.818 130.304 124.179 127.906 127.570 0.000 0.000 0.000 0.000 199.767 0.000 88.343 81.256 124.229 105.094 94.314 100.143 155.541 142.238 120.609 161.818 0.000 172.021 160.135 157.437 174.126 151.776 167.175 0.000 79.984 144.179 0.000 76.411 81.506 54.410 66.255 0.000 146.139 125.422 126.156 0.000 125.646 127.316 126.286 120.604 121.712 126.025 119.652 118.434 133.993 119.819 125.653 131.454 122.822 136.248 0.000 0.000 0.000 130.351 0.000 0.000 0.000 198.536 0.000 0.000 95.816 94.828 134.884 0.000 0.000 114.592 162.519 166.867 140.935 0.000 0.000 0.000 0.000 0.000 0.000 0.000 0.000 0.000 0.000 199.126 0.000 0.000 0.000 0.000 0.000 0.000 0.000 0.000 0.000 0.000 0.000 167.849 180.697 0.000 175.799 0.000 199.853 0.000 0.000 0.000 0.000 0.000 0.000 0.000 0.000 0.000 177.976 0.000 152.202 103.598 151.812 161.018 0.000 182.547
33.613 27.729 49.428 50.806 59.413 57.356 21.095 29.033 35.218 22.225 26.119 55.499 41.650 69.820 90.323 32.596 53.883 97.603 55.359 84.805 81.832 114.208 198.896 141.392 163.395 126.732 114.968 68.142 75.469 92.839 116.911 136.818 67.431 89.022 131.121 98.226 130.776 127.193 98.173 144.340 147.059 150.771 128.709 142.739 153.022 154.786 157.286 158.828 175.962 0.000 0.000 0.000 160.205 125.419 148.450 161.528 175.559 145.151 144.076 159.940 184.692 142.495 124.212 178.228 167.964 178.593 178.145 180.738 189.401 181.141 147.343 170.459 156.438 139.349 127.234 89.792 66.389 70.593 72.271 0.000 161.986 121.818 122.207 119.164 122.120 125.858 127.401 122.167 120.825 123.693 117.552 123.648 142.817 116.411 122.339 132.258 121.907 136.082 0.000 137.057 0.000 137.812 168.227 0.000 196.742 169.699 142.596 159.322 92.832 89.582 130.018 177.335 191.090 120.300 154.480 167.016 137.060 168.132 172.674 137.998 158.682 153.543 0.000 196.706 191.534 164.022 191.689 162.483 189.184 191.950 0.000 172.338 197.550 0.000 0.000 181.669 199.877 198.728 162.495 186.129 0.000 0.000 187.039 168.420 0.000 0.000 0.000 0.000 0.000 0.000 0.000 0.000 196.883 171.536 186.544 133.894 142.553 94.315 130.125 129.276 160.020 174.052
71.673 68.003 98.064 75.764 59.793 59.076 28.141 35.218 26.522 29.771 28.592 21.775 76.141 68.453 65.054 67.821 51.974 109.800 30.887 19.272 54.227 31.249 41.024 53.914 95.191 65.513 59.625 90.569 74.343 76.696 119.983 127.893 70.449 82.626 112.295 80.427 100.422 112.349 79.720 129.848 125.781 121.828 119.744 118.868 142.501 125.898 129.399 126.422 165.047 130.634 0.000 0.000 0.000 165.943 77.118 80.478 122.368 115.976 104.700 114.048 94.549 132.176 65.229 151.824 127.097 153.869 167.192 156.451 187.787 171.023 0.000 0.000 90.986 96.663 82.863 78.383 75.395 60.358 66.516 169.735 153.532 175.492 161.585 0.000 142.679 133.050 137.891 135.544 134.697 126.700 133.746 130.490 123.725 125.748 118.714 127.359 136.462 138.959 120.946 117.238 131.797 138.500 129.256 0.000 0.000 196.834 161.869 0.000 113.932 92.234 105.635 0.000 0.000 155.854 0.000 0.000 0.000 0.000 0.000 172.785 0.000 198.211 0.000 0.000 0.000 0.000 0.000 0.000 0.000 0.000 0.000 0.000 199.119 0.000 0.000 0.000 0.000 176.830 0.000 0.000 0.000 0.000 196.910 164.699 0.000 0.000 0.000 0.000 0.000 0.000 179.080 0.000 0.000 0.000 0.000 134.969 150.214 110.067 173.895 130.173 97.985 169.361
23.516 36.503 44.130 56.692 60.890 72.712 34.809 22.225 29.771 14.649 18.429 43.952 39.158 67.108 94.492 29.839 40.988 55.964 0.000 0.000 0.000 0.000 0.000 0.000 0.000 0.000 0.000 59.434 85.445 66.755 109.398 134.671 59.135 87.740 0.000 77.167 0.000 154.179 0.000 143.637 0.000 140.789 0.000 0.000 116.855 155.288 155.081 140.966 167.574 0.000 0.000 145.981 0.000 0.000 142.948 0.000 189.743 168.488 0.000 185.169 167.961 126.088 0.000 0.000 0.000 180.114 179.589 0.000 197.760 179.548 138.391 0.000 0.000 0.000 0.000 87.645 61.738 67.404 69.153 89.790 131.776 115.171 112.602 108.258 115.469 121.170 116.343 119.666 113.837 123.667 113.355 111.665 0.000 111.916 117.678 132.627 116.147 199.959 0.000 0.000 0.000 145.701 0.000 0.000 0.000 195.114 173.595 0.000 84.926 84.532 133.212 0.000 0.000 101.235 145.807 0.000 122.627 0.000 195.311 137.541 0.000 155.378 197.164 0.000 0.000 153.249 0.000 0.000 0.000 0.000 0.000 0.000 0.000 0.000 0.000 0.000 0.000 0.000 199.947 0.000 0.000 0.000 192.985 198.445 0.000 0.000 0.000 0.000 0.000 0.000 0.000 0.000 0.000 178.543 0.000 0.000 148.105 85.604 123.717 121.633 0.000 184.871
57.943 73.389 63.160 89.299 64.590 69.095 52.318 26.119 28.592 18.429 16.140 18.136 31.770 40.992 70.626 21.078 21.720 109.292 67.677 0.000 79.683 100.838 0.000 97.426 89.564 111.398 156.893 78.012 89.196 90.998 151.633 178.760 65.828 91.495 155.935 85.513 141.169 121.719 131.329 148.097 147.882 154.212 0.000 167.027 159.243 157.510 156.781 154.398 0.000 0.000 0.000 0.000 0.000 0.000 138.405 136.440 173.377 154.756 130.336 159.986 184.104 146.346 92.343 131.940 0.000 179.930 174.678 168.235 0.000 0.000 0.000 0.000 161.332 0.000 0.000 85.430 72.712 66.892 69.384 0.000 156.696 134.855 134.055 0.000 121.510 123.552 120.186 120.423 119.120 112.334 119.028 112.186 115.349 113.688 108.062 115.881 119.363 112.945 0.000 118.075 143.108 133.739 113.658 0.000 0.000 0.000 129.411 0.000 99.695 86.456 115.399 0.000 0.000 144.767 151.476 0.000 0.000 0.000 0.000 137.695 199.994 151.717 0.000 0.000 0.000 150.539 0.000 0.000 198.629 0.000 0.000 0.000 0.000 0.000 0.000 0.000 0.000 193.042 0.000 0.000 173.109 166.994 177.350 135.614 0.000 0.000 0.000 0.000 0.000 0.000 197.695 0.000 0.000 0.000 199.882 131.671 143.217 91.903 144.287 142.565 0.000 186.772
86.335 91.723 103.978 76.250 72.916 69.012 38.823 55.499 21.775 43.952 18.136 13.985 55.001 46.022 41.803 48.058 21.711 0.000 51.493 16.988 61.734 39.787 57.338 50.297 64.779 73.437 69.547 0.000 73.054 37.360 0.000 0.000 77.180 86.114 0.000 0.000 121.196 98.343 113.335 119.062 129.620 118.041 0.000 145.961 139.788 127.217 0.000 126.656 0.000 0.000 0.000 153.011 0.000 0.000 76.960 70.966 109.971 105.580 105.926 111.850 0.000 100.096 55.798 121.661 0.000 151.512 0.000 182.796 189.647 167.653 0.000 0.000 96.273 0.000 86.592 83.484 97.386 66.227 75.906 0.000 157.083 0.000 121.940 0.000 0.000 164.835 0.000 133.985 153.989 117.935 133.377 0.000 0.000 0.000 119.281 106.996 120.117 110.334 0.000 0.000 0.000 127.149 114.204 0.000 0.000 146.157 0.000 0.000 104.394 77.807 70.098 0.000 0.000 0.000 0.000 0.000 143.675 0.000 0.000 0.000 0.000 0.000 0.000 0.000 0.000 0.000 0.000 0.000 0.000 0.000 0.000 0.000 0.000 0.000 0.000 198.213 0.000 158.435 0.000 0.000 161.605 0.000 139.898 141.445 0.000 0.000 0.000 0.000 0.000 0.000 0.000 0.000 0.000 0.000 0.000 0.000 0.000 109.007 0.000 125.965 0.000 156.138
26.760 58.164 30.030 72.743 76.825 83.689 71.272 41.650 76.141 39.158 31.770 55.001 22.805 34.207 58.727 22.694 44.972 71.811 94.827 116.851 110.326 134.954 200.322 155.138 130.758 148.315 192.307 23.353 27.612 67.752 99.904 125.221 71.632 96.124 110.989 107.986 133.460 137.897 125.647 156.836 147.918 161.457 157.500 156.101 150.098 167.945 196.954 161.473 193.060 169.794 135.631 185.463 148.281 165.791 151.577 149.105 169.081 158.024 159.994 173.204 172.908 120.663 94.106 139.041 180.094 185.943 184.371 178.106 194.887 181.512 126.385 149.930 154.970 143.884 120.059 95.375 55.123 74.794 76.978 66.755 160.924 109.517 118.264 110.417 122.096 125.809 123.347 119.875 120.154 116.290 114.627 115.614 114.728 92.461 80.854 107.296 116.289 117.856 110.383 117.174 125.803 127.291 147.481 176.563 160.047 137.800 147.951 128.930 58.727 58.560 90.277 105.757 132.172 116.221 142.975 165.745 138.494 143.024 151.057 135.538 181.072 143.013 184.251 200.186 198.380 163.935 181.088 170.859 0.000 196.126 0.000 145.418 0.000 135.909 164.367 172.676 199.455 153.650 184.630 161.879 193.064 0.000 129.124 102.127 143.773 0.000 0.000 0.000 0.000 197.861 134.576 121.930 142.232 174.420 151.822 126.452 132.847 81.932 120.009 120.317 75.761 182.369
79.041 102.682 81.397 123.307 83.751 80.114 72.811 69.820 68.453 67.108 40.992 46.022 34.207 20.309 33.485 53.769 33.267 112.693 80.586 140.095 87.205 127.389 0.000 0.000 101.780 111.833 107.786 39.414 23.499 29.037 84.249 114.451 84.640 99.130 157.683 105.655 146.498 129.745 96.772 154.893 157.381 160.054 178.276 155.755 172.952 167.090 0.000 171.375 0.000 0.000 0.000 0.000 133.730 162.407 134.037 118.967 155.112 146.689 138.090 158.985 191.407 104.871 65.250 145.005 165.468 184.896 178.201 167.767 198.257 188.027 124.920 0.000 155.016 125.248 107.254 92.160 92.715 75.635 80.289 103.958 166.017 137.606 148.747 0.000 138.695 133.827 123.790 126.526 132.666 114.772 118.762 108.868 110.715 105.511 93.050 96.881 120.072 111.354 151.443 111.192 108.089 119.851 119.620 141.995 110.599 121.369 131.289 0.000 75.411 57.044 63.277 101.987 129.358 120.899 133.844 188.008 139.129 170.948 163.330 128.854 0.000 186.597 0.000 0.000 174.528 0.000 184.585 0.000 187.666 0.000 0.000 0.000 157.974 0.000 146.272 144.140 145.406 133.261 178.457 174.716 169.088 154.417 120.005 89.242 0.000 183.872 199.789 197.223 0.000 191.832 0.000 109.911 169.714 131.924 0.000 125.595 127.149 78.447 121.323 131.331 0.000 182.967
100.631 118.747 92.813 131.913 95.760 83.938 79.456 90.323 65.054 94.492 70.626 41.803 58.727 33.485 24.550 80.327 24.077 120.507 73.710 46.638 81.464 47.258 70.994 46.525 20.931 91.680 88.629 59.758 31.545 24.088 44.495 100.333 92.150 97.947 157.462 94.499 105.513 105.764 102.726 145.387 129.956 148.388 0.000 0.000 138.219 150.338 182.975 134.573 176.207 0.000 0.000 0.000 105.298 0.000 82.608 76.774 69.757 106.294 112.827 130.175 79.519 60.205 24.717 85.730 109.997 193.932 163.083 146.529 194.190 180.032 136.865 127.670 108.479 115.590 105.391 95.515 108.880 80.767 86.986 111.710 165.200 152.798 159.995 191.551 153.868 149.785 135.465 129.460 151.115 116.765 126.247 128.383 109.177 123.168 102.970 101.912 132.248 109.980 122.878 115.693 108.985 123.265 114.562 120.079 112.380 106.726 136.378 0.000 100.020 80.914 76.377 73.722 123.462 143.053 145.317 163.782 140.024 150.755 153.984 142.946 170.151 164.249 154.286 138.571 181.746 175.309 182.839 199.694 188.534 196.084 0.000 0.000 0.000 128.992 133.221 127.377 135.808 126.304 153.423 153.523 172.293 145.959 113.264 89.056 157.964 165.937 177.831 171.424 153.630 0.000 199.965 94.426 144.702 138.257 137.668 123.247 118.480 86.560 117.521 121.362 124.683 176.577
30.986 55.240 34.249 68.348 73.551 83.109 68.264 32.596 67.821 29.839 21.078 48.058 22.694 53.769 80.327 23.179 35.405 80.789 110.000 0.000 99.947 131.985 0.000 150.351 162.947 123.049 127.969 37.745 66.592 85.999 114.002 134.742 71.246 95.206 110.641 96.421 131.674 133.957 111.521 156.046 130.751 176.488 133.475 0.000 168.047 169.381 0.000 163.179 181.769 0.000 0.000 168.824 168.127 174.564 170.390 154.607 179.799 154.363 159.941 172.593 177.619 140.092 120.848 0.000 171.774 184.185 183.253 185.365 194.210 187.924 147.386 0.000 177.792 144.990 86.483 94.680 59.599 75.421 76.403 83.760 163.448 121.955 123.533 115.449 125.395 129.182 128.773 126.080 123.693 123.294 119.529 119.953 121.117 110.238 118.271 128.096 122.570 130.049 97.963 129.944 0.000 137.419 149.343 195.546 0.000 160.965 139.427 0.000 89.281 86.920 118.344 111.137 182.665 118.120 157.284 169.554 142.535 170.645 195.292 136.348 190.547 159.474 197.257 0.000 0.000 163.574 184.477 0.000 0.000 0.000 0.000 0.000 199.982 0.000 0.000 180.082 161.748 194.456 183.407 198.506 191.994 0.000 177.078 158.484 199.960 0.000 0.000 0.000 199.211 0.000 197.884 137.934 192.943 0.000 184.375 138.118 143.248 89.674 128.740 132.688 81.558 180.487
80.848 102.848 87.317 101.204 79.783 78.772 66.766 53.883 51.974 40.988 21.720 21.711 44.972 33.267 24.077 35.405 19.403 116.308 69.652 27.868 78.112 47.676 75.409 41.611 25.045 86.942 85.415 67.721 55.040 50.546 95.932 117.364 82.461 96.687 144.943 102.427 130.423 121.899 102.164 150.791 153.211 148.783 154.775 149.003 165.713 150.504 159.233 145.513 175.614 141.450 0.000 0.000 131.241 156.073 85.562 85.654 74.169 129.295 127.641 140.630 112.678 90.856 44.829 138.760 145.316 178.466 179.337 187.590 196.758 188.122 117.438 188.678 112.533 119.236 99.392 93.365 94.917 76.020 83.477 0.000 167.328 158.060 153.400 150.415 153.965 140.044 132.155 132.108 138.807 119.168 126.983 120.036 114.872 124.346 111.826 107.417 130.954 116.689 138.809 120.480 115.307 126.849 120.175 141.234 125.177 114.132 140.598 0.000 108.711 91.249 89.778 99.007 109.566 142.551 141.967 178.284 140.088 152.390 156.135 148.259 167.961 0.000 168.981 0.000 183.487 178.110 187.274 0.000 191.443 0.000 186.231 0.000 197.202 0.000 0.000 138.396 149.343 147.638 167.303 163.840 178.209 156.806 133.168 101.294 169.941 171.704 0.000 180.549 136.247 190.857 193.321 164.749 137.538 152.981 144.701 158.021 136.700 97.921 134.663 131.508 133.553 181.778
81.877 18.727 15.499 89.303 0.000 97.851 0.000 97.603 109.800 55.964 109.292 0.000 71.811 112.693 120.507 80.789 116.308 14.927 0.000 0.000 0.000 140.151 0.000 0.000 0.000 128.331 0.000 23.454 45.490 70.608 98.578 118.495 24.098 31.887 57.664 41.899 160.102 87.618 52.443 95.159 103.018 123.323 0.000 0.000 0.000 107.888 0.000 114.323 128.463 107.185 150.499 0.000 140.234 38.555 137.595 0.000 139.231 135.768 120.581 128.083 128.893 117.335 91.797 116.345 119.666 131.766 131.994 140.000 144.182 138.471 121.735 139.970 35.209 57.836 31.385 34.768 20.207 25.371 24.789 12.882 101.924 86.657 38.006 34.272 72.683 88.096 88.117 0.000 85.442 126.735 86.703 0.000 0.000 99.905 100.414 113.682 98.522 112.007 14.688 0.000 0.000 133.684 131.896 105.979 0.000 0.000 0.000 0.000 31.398 49.352 71.322 94.820 127.474 38.403 69.482 73.916 60.465 0.000 0.000 71.463 0.000 0.000 105.974 76.520 0.000 100.826 111.765 81.557 118.406 0.000 0.000 0.000 112.343 116.597 52.592 117.206 0.000 143.772 107.978 141.529 180.699 125.525 158.084 0.000 0.000 0.000 0.000 127.231 152.151 146.781 128.066 108.783 149.569 71.103 77.687 41.389 70.074 36.410 34.385 30.488 16.904 90.366
138.157 92.065 0.000 108.967 55.235 23.642 18.089 55.359 30.887 0.000 67.677 51.493 94.827 80.586 73.710 110.000 69.652 0.000 16.000 32.338 21.950 24.026 22.764 48.751 97.768 34.429 44.401 76.465 80.266 52.565 0.000 155.570 62.465 69.966 0.000 23.047 57.021 85.316 33.837 98.890 110.439 104.432 138.183 0.000 117.516 112.428 123.976 114.473 0.000 117.766 0.000 0.000 0.000 0.000 59.856 73.770 104.222 99.296 84.668 96.894 82.036 121.504 0.000 0.000 137.931 114.604 116.276 0.000 0.000 0.000 163.451 0.000 0.000 0.000 0.000 69.850 158.301 52.525 59.678 0.000 164.670 0.000 0.000 0.000 162.882 0.000 0.000 155.680 0.000 146.652 0.000 0.000 0.000 137.088 138.222 151.720 146.352 0.000 0.000 0.000 134.326 0.000 137.353 0.000 0.000 0.000 142.364 0.000 0.000 0.000 0.000 0.000 0.000 0.000 0.000 0.000 0.000 0.000 0.000 0.000 0.000 0.000 0.000 0.000 0.000 0.000 0.000 0.000 0.000 0.000 0.000 0.000 0.000 0.000 0.000 0.000 0.000 0.000 0.000 0.000 0.000 0.000 0.000 0.000 0.000 0.000 0.000 0.000 0.000 0.000 0.000 0.000 0.000 0.000 0.000 0.000 0.000 0.000 0.000 0.000 0.000 171.324
0.000 91.971 0.000 0.000 98.124 73.428 54.248 84.805 19.272 0.000 0.000 16.988 116.851 140.095 46.638 0.000 27.868 0.000 32.338 16.259 50.651 22.714 47.164 27.486 38.271 63.167 57.121 0.000 56.974 105.861 0.000 0.000 99.347 85.727 128.485 71.920 0.000 105.980 90.024 89.978 121.077 99.726 132.551 0.000 155.224 115.102 130.455 126.132 169.713 0.000 0.000 0.000 0.000 0.000 57.346 70.006 103.800 0.000 120.429 122.893 87.544 127.536 40.128 0.000 0.000 0.000 192.125 148.108 163.657 191.852 0.000 0.000 100.124 101.393 95.918 80.667 0.000 65.695 79.499 0.000 154.029 0.000 0.000 0.000 0.000 0.000 0.000 0.000 0.000 107.714 0.000 0.000 0.000 0.000 0.000 93.269 0.000 152.289 0.000 0.000 71.039 122.300 133.771 0.000 0.000 121.863 0.000 0.000 173.782 0.000 0.000 0.000 0.000 199.726 0.000 0.000 0.000 0.000 0.000 0.000 0.000 0.000 0.000 0.000 0.000 0.000 0.000 0.000 0.000 0.000 0.000 0.000 0.000 0.000 0.000 0.000 0.000 0.000 0.000 0.000 0.000 0.000 108.820 0.000 0.000 0.000 0.000 0.000 199.730 0.000 0.000 0.000 0.000 0.000 0.000 0.000 117.686 0.000 0.000 116.265 117.369 182.764
0.000 110.402 142.902 185.965 72.669 29.469 49.527 81.832 54.227 0.000 79.683 61.734 110.326 87.205 81.464 99.947 78.112 0.000 21.950 50.651 27.114 48.069 17.566 44.136 86.621 28.755 30.793 0.000 123.503 80.705 141.290 0.000 72.998 82.026 123.026 75.815 40.469 90.370 52.157 99.651 111.288 107.785 123.284 120.624 124.613 115.158 119.715 120.496 137.297 128.123 0.000 0.000 0.000 0.000 47.662 61.310 100.197 76.366 85.498 98.230 88.759 119.265 89.532 143.117 119.686 140.583 120.201 195.609 0.000 151.516 0.000 0.000 91.388 82.981 76.179 78.385 122.703 58.014 61.914 0.000 145.972 180.966 0.000 0.000 0.000 0.000 0.000 0.000 0.000 163.267 161.764 0.000 0.000 0.000 134.297 136.295 0.000 149.108 0.000 137.899 152.346 171.252 152.845 0.000 0.000 165.271 0.000 0.000 0.000 0.000 112.082 0.000 0.000 0.000 0.000 0.000 0.000 0.000 0.000 194.990 0.000 0.000 0.000 0.000 0.000 0.000 0.000 0.000 0.000 0.000 0.000 0.000 0.000 0.000 0.000 153.596 171.605 194.226 189.158 0.000 0.000 178.925 178.970 160.599 0.000 0.000 0.000 0.000 0.000 0.000 160.934 0.000 195.676 154.892 0.000 0.000 141.652 160.429 148.979 135.669 0.000 151.739
167.344 147.243 199.983 149.110 117.981 68.370 57.141 114.208 31.249 0.000 100.838 39.787 134.954 127.389 47.258 131.985 47.676 140.151 24.026 22.714 48.069 23.515 22.635 20.020 27.403 58.793 51.039 0.000 104.515 47.146 45.153 0.000 87.227 81.848 116.838 91.360 88.492 78.705 105.909 98.464 125.001 105.515 107.838 106.613 116.123 109.279 128.270 113.962 187.993 111.749 0.000 0.000 0.000 0.000 38.697 42.172 62.332 78.982 81.644 92.174 100.345 82.061 44.196 136.283 108.440 171.344 127.473 176.545 189.228 161.469 0.000 188.735 94.165 124.214 96.244 86.059 110.373 73.739 77.885 98.706 154.039 0.000 0.000 0.000 0.000 0.000 155.475 0.000 0.000 161.498 0.000 152.819 0.000 199.346 0.000 86.099 125.816 130.312 0.000 148.835 177.491 139.131 127.868 0.000 108.891 98.131 0.000 0.000 198.707 137.149 86.021 44.385 114.979 0.000 0.000 0.000 0.000 153.909 137.582 0.000 154.420 0.000 0.000 0.000 0.000 170.316 198.028 0.000 0.000 0.000 0.000 0.000 180.941 0.000 0.000 132.361 142.058 143.105 174.059 177.648 0.000 130.020 132.190 99.145 138.887 0.000 0.000 0.000 0.000 171.590 180.204 136.511 152.310 154.104 133.823 0.000 120.749 127.764 130.603 138.878 133.945 161.499
189.887 0.000 0.000 0.000 0.000 39.099 43.996 198.896 41.024 0.000 0.000 57.338 200.322 0.000 70.994 0.000 75.409 0.000 22.764 47.164 17.566 22.635 14.198 21.053 65.517 21.342 19.737 0.000 0.000 0.000 0.000 0.000 21.948 61.945 0.000 51.728 35.277 72.208 51.955 46.760 92.008 109.336 0.000 97.126 0.000 99.248 103.659 98.780 118.972 93.253 0.000 0.000 0.000 0.000 19.828 33.155 86.852 60.878 70.240 85.033 0.000 84.078 92.830 0.000 0.000 113.531 0.000 0.000 0.000 0.000 0.000 0.000 83.272 0.000 0.000 85.411 0.000 49.258 53.917 0.000 136.522 0.000 0.000 0.000 0.000 0.000 199.468 0.000 0.000 0.000 0.000 0.000 0.000 0.000 0.000 74.877 0.000 0.000 0.000 0.000 0.000 0.000 0.000 0.000 0.000 0.000 0.000 0.000 0.000 0.000 0.000 0.000 0.000 0.000 0.000 0.000 0.000 0.000 0.000 0.000 0.000 0.000 0.000 0.000 0.000 0.000 0.000 0.000 0.000 0.000 0.000 0.000 0.000 0.000 0.000 0.000 0.000 0.000 0.000 0.000 0.000 0.000 0.000 0.000 0.000 0.000 0.000 0.000 0.000 0.000 0.000 0.000 0.000 164.633 0.000 0.000 0.000 0.000 0.000 0.000 0.000 0.000
173.548 136.665 130.883 151.463 99.619 70.403 64.466 141.392 53.914 0.000 97.426 50.297 155.138 0.000 46.525 150.351 41.611 0.000 48.751 27.486 44.136 20.020 21.053 15.326 22.887 51.847 41.474 141.972 85.325 47.301 60.230 0.000 84.743 72.442 126.979 83.868 58.429 56.714 66.215 84.281 0.000 83.143 110.108 0.000 114.102 94.652 108.649 100.637 182.806 92.247 0.000 0.000 0.000 121.967 20.158 23.051 30.708 64.912 66.722 76.139 74.699 39.500 25.126 0.000 98.036 131.967 128.005 0.000 0.000 168.530 0.000 0.000 93.255 0.000 79.802 77.069 88.302 68.354 71.646 142.505 144.658 0.000 0.000 0.000 0.000 0.000 0.000 0.000 0.000 199.841 0.000 0.000 0.000 0.000 197.559 83.687 0.000 149.508 108.827 0.000 0.000 112.437 116.054 0.000 132.467 124.002 0.000 0.000 186.859 0.000 0.000 47.704 93.031 0.000 0.000 0.000 0.000 0.000 107.307 0.000 154.984 0.000 0.000 0.000 0.000 0.000 170.272 0.000 0.000 198.029 0.000 0.000 0.000 0.000 0.000 125.795 117.524 130.084 0.000 151.328 0.000 144.993 120.331 107.607 0.000 0.000 176.674 0.000 149.749 180.602 158.011 0.000 0.000 0.000 0.000 0.000 117.378 91.403 135.801 149.729 0.000 171.856
178.525 159.707 151.457 160.598 158.797 129.726 134.669 163.395 95.191 0.000 89.564 64.779 130.758 101.780 20.931 162.947 25.045 0.000 97.768 38.271 86.621 27.403 65.517 22.887 15.888 112.351 88.010 108.031 84.094 48.324 38.349 57.866 123.175 93.575 136.367 126.131 95.870 78.110 115.137 111.641 109.934 102.625 120.990 107.778 115.622 114.139 122.527 120.358 184.156 0.000 0.000 195.437 0.000 0.000 28.016 32.168 27.929 84.137 85.689 93.634 63.768 26.359 20.928 78.114 0.000 180.597 102.042 90.082 194.848 191.505 0.000 199.079 107.090 0.000 102.750 94.550 130.424 90.667 94.782 138.862 163.203 0.000 0.000 0.000 0.000 186.313 180.022 0.000 158.859 156.286 0.000 0.000 179.605 0.000 108.285 92.368 199.535 125.735 0.000 162.648 128.778 156.590 120.405 0.000 111.515 108.969 154.103 0.000 131.077 101.329 88.222 96.123 128.732 157.731 151.296 191.339 178.291 151.831 133.661 0.000 157.460 163.306 156.031 157.408 164.726 168.531 176.437 158.912 160.291 188.278 0.000 0.000 0.000 0.000 0.000 130.231 124.285 135.162 145.443 150.745 158.034 137.299 123.283 104.971 132.236 0.000 0.000 177.307 146.955 190.033 188.204 0.000 156.054 143.428 126.375 165.597 114.136 153.675 139.737 144.218 152.640 177.215
128.907 92.537 131.646 130.464 92.241 29.902 81.431 126.732 65.513 0.000 111.398 73.437 148.315 111.833 91.680 123.049 86.942 128.331 34.429 63.167 28.755 58.793 21.342 51.847 112.351 19.727 21.758 0.000 0.000 0.000 0.000 92.780 47.618 32.106 92.787 40.691 20.883 52.321 26.121 36.971 100.211 106.267 109.749 133.595 112.482 115.444 115.841 119.508 0.000 113.759 0.000 167.692 0.000 88.943 48.490 54.082 100.278 30.172 71.119 89.860 94.851 107.906 102.381 104.292 106.568 125.114 103.844 106.784 137.889 127.148 0.000 109.528 74.468 97.554 68.019 69.945 91.781 49.687 54.995 76.879 141.480 0.000 0.000 0.000 0.000 0.000 0.000 0.000 199.770 180.507 191.285 0.000 178.339 184.733 0.000 136.101 192.638 0.000 0.000 0.000 0.000 0.000 0.000 0.000 0.000 0.000 0.000 0.000 157.494 0.000 0.000 0.000 0.000 0.000 196.096 0.000 0.000 0.000 0.000 0.000 0.000 0.000 0.000 0.000 0.000 0.000 194.081 0.000 0.000 0.000 0.000 0.000 0.000 0.000 0.000 0.000 0.000 180.384 0.000 0.000 0.000 154.710 133.726 158.410 196.005 0.000 0.000 0.000 180.056 0.000 0.000 0.000 0.000 124.264 0.000 0.000 187.739 119.625 0.000 0.000 0.000 156.044
141.695 124.082 151.273 122.202 118.748 45.850 106.679 114.968 59.625 0.000 156.893 69.547 192.307 107.786 88.629 127.969 85.415 0.000 44.401 57.121 30.793 51.039 19.737 41.474 88.010 21.758 14.398 0.000 102.886 0.000 0.000 0.000 69.143 52.098 96.698 57.229 23.588 35.854 48.254 31.778 87.572 89.204 98.679 88.867 100.715 102.260 118.139 102.822 128.722 98.761 0.000 0.000 0.000 0.000 31.429 25.114 80.159 17.780 32.834 73.057 79.664 103.438 74.847 0.000 0.000 0.000 131.891 110.901 0.000 161.571 0.000 0.000 80.928 0.000 72.788 69.777 105.627 55.620 63.458 98.362 136.983 0.000 0.000 0.000 0.000 0.000 0.000 0.000 0.000 0.000 0.000 0.000 0.000 0.000 0.000 115.798 0.000 153.942 0.000 154.338 0.000 0.000 0.000 0.000 0.000 171.071 0.000 0.000 0.000 116.165 0.000 0.000 0.000 0.000 0.000 0.000 0.000 0.000 0.000 0.000 0.000 0.000 0.000 0.000 0.000 0.000 0.000 0.000 0.000 0.000 0.000 0.000 0.000 0.000 0.000 0.000 0.000 163.120 0.000 0.000 0.000 0.000 153.441 0.000 0.000 0.000 0.000 0.000 0.000 147.045 0.000 0.000 0.000 0.000 0.000 0.000 0.000 0.000 0.000 0.000 0.000 142.161
48.330 68.999 24.273 71.995 74.861 99.347 87.770 68.142 90.569 59.434 78.012 0.000 23.353 39.414 59.758 37.745 67.721 23.454 76.465 0.000 0.000 0.000 0.000 141.972 108.031 0.000 0.000 16.069 22.433 53.493 83.420 107.471 60.641 89.942 94.207 74.885 151.958 167.927 99.615 0.000 198.875 0.000 0.000 0.000 185.515 178.032 0.000 147.919 146.317 160.586 137.989 0.000 129.614 133.274 112.008 133.667 135.944 146.874 0.000 160.604 150.827 102.203 80.560 117.820 175.939 169.264 175.927 144.067 184.777 145.014 112.050 119.368 147.461 120.201 60.682 84.179 43.922 65.965 55.265 22.508 141.921 82.275 100.631 93.916 103.356 107.253 118.255 102.939 97.191 104.605 88.037 115.059 95.552 50.013 63.234 86.982 87.355 115.365 23.529 100.732 101.110 121.608 125.633 0.000 157.212 131.096 146.646 0.000 22.167 33.136 62.642 90.497 121.705 100.352 126.666 114.748 105.230 163.998 109.689 126.322 160.331 116.498 200.189 137.984 0.000 123.053 0.000 151.375 0.000 0.000 0.000 0.000 150.551 149.161 108.967 175.679 0.000 163.726 144.931 199.617 189.160 157.392 121.991 99.616 124.593 0.000 190.595 189.527 196.778 184.490 146.647 137.771 129.393 128.440 121.760 63.527 106.950 61.231 90.843 81.585 43.364 164.911
75.791 90.089 55.565 85.467 79.564 78.913 75.694 75.469 74.343 85.445 89.196 73.054 27.612 23.499 31.545 66.592 55.040 45.490 80.266 56.974 123.503 104.515 0.000 85.325 84.094 0.000 102.886 22.433 15.357 22.194 51.021 77.123 76.834 105.948 125.546 0.000 0.000 131.498 0.000 143.737 128.882 152.694 0.000 0.000 164.434 155.714 0.000 124.110 117.650 0.000 105.962 0.000 104.530 119.874 92.506 89.549 97.747 125.929 144.742 152.284 141.817 73.308 49.780 89.166 0.000 143.904 182.046 109.024 0.000 85.808 84.338 101.560 120.081 91.450 96.356 94.462 63.692 77.585 79.656 52.294 178.438 82.118 106.246 99.778 94.168 93.412 91.681 87.456 95.317 86.893 77.765 65.061 78.227 53.393 46.763 70.946 79.361 86.392 49.318 90.333 90.188 97.486 103.546 105.815 134.999 103.804 105.587 151.213 27.599 20.283 26.691 59.613 100.852 98.346 110.450 182.648 102.519 168.731 137.745 136.590 172.708 0.000 200.118 0.000 0.000 123.959 147.339 0.000 169.297 0.000 0.000 121.490 127.638 135.445 168.154 128.367 134.820 123.165 189.366 153.999 174.764 141.678 95.733 69.403 106.513 0.000 0.000 183.104 166.361 181.811 106.204 93.866 117.262 131.130 120.730 87.880 101.664 67.618 88.794 99.366 58.105 168.342
95.441 102.158 82.119 89.373 99.259 87.424 84.412 92.839 76.696 66.755 90.998 37.360 67.752 29.037 24.088 85.999 50.546 70.608 52.565 105.861 80.705 47.146 0.000 47.301 48.324 0.000 0.000 53.493 22.194 15.399 26.428 58.677 89.534 110.547 143.765 117.251 0.000 114.566 0.000 123.398 0.000 105.820 130.476 195.909 134.598 149.841 132.957 122.123 0.000 0.000 86.721 101.705 80.932 103.299 72.438 87.957 69.742 89.206 96.968 118.409 87.362 49.664 21.910 63.280 0.000 199.811 140.994 84.031 0.000 77.627 65.527 74.474 103.125 76.520 134.118 98.310 74.135 91.263 98.584 69.676 145.052 118.720 142.208 108.995 127.954 125.997 125.296 101.676 137.656 102.024 89.923 119.351 99.232 87.298 50.609 67.370 130.839 80.033 88.989 107.040 79.325 108.570 93.720 0.000 95.085 88.939 123.109 0.000 61.531 29.601 17.854 25.748 76.137 84.191 151.107 0.000 123.984 146.859 104.156 125.282 140.368 0.000 152.295 0.000 0.000 0.000 0.000 0.000 186.994 0.000 0.000 97.605 0.000 106.493 111.880 105.008 105.273 107.451 122.652 166.227 135.680 118.291 69.306 55.128 72.059 0.000 148.597 144.301 118.108 172.592 67.839 74.100 89.561 118.953 117.779 182.940 92.859 70.967 102.152 95.856 80.647 171.438
118.150 126.116 101.153 122.094 121.123 121.496 101.400 116.911 119.983 109.398 151.633 0.000 99.904 84.249 44.495 114.002 95.932 98.578 0.000 0.000 141.290 45.153 0.000 60.230 38.349 0.000 0.000 83.420 51.021 26.428 13.930 18.500 108.887 112.250 110.973 121.915 73.106 72.945 102.511 95.920 82.616 74.050 90.559 0.000 95.022 94.539 88.952 81.216 79.759 89.425 82.928 199.579 51.125 63.992 62.941 53.181 60.674 0.000 89.547 63.822 62.953 26.485 19.826 43.986 0.000 86.362 74.702 64.125 102.908 46.722 30.300 23.659 68.640 35.590 89.878 104.961 102.739 115.237 112.573 101.652 86.287 168.554 139.154 0.000 0.000 120.041 0.000 0.000 134.094 125.330 0.000 0.000 103.450 118.366 97.959 48.538 123.924 98.847 106.945 0.000 143.743 129.357 104.762 0.000 93.970 93.971 0.000 0.000 88.989 56.847 32.215 13.318 20.555 157.876 109.340 134.010 0.000 95.282 107.057 0.000 112.878 128.360 0.000 131.820 0.000 116.552 104.791 143.209 126.015 90.425 94.573 97.371 0.000 81.358 0.000 108.982 79.372 82.018 123.518 131.525 84.609 85.581 41.491 29.925 60.235 0.000 157.061 133.959 87.401 109.055 55.691 38.404 57.638 121.687 71.966 147.074 91.314 147.946 112.458 108.572 125.205 164.738
145.079 151.841 127.388 147.502 140.787 143.902 130.192 136.818 127.893 134.671 178.760 0.000 125.221 114.451 100.333 134.742 117.364 118.495 155.570 0.000 0.000 0.000 0.000 0.000 57.866 92.780 0.000 107.471 77.123 58.677 18.500 12.725 133.850 137.154 76.875 75.927 0.000 84.746 104.136 87.662 82.319 71.275 0.000 79.922 95.079 88.248 91.430 78.538 72.251 92.568 22.626 46.994 27.293 45.130 0.000 0.000 58.242 199.438 0.000 66.077 57.179 31.901 63.913 36.613 79.142 76.976 71.330 65.739 80.897 59.540 29.295 53.072 43.973 22.027 63.940 88.071 120.865 129.490 119.865 121.144 67.481 0.000 199.273 0.000 0.000 146.348 0.000 0.000 0.000 0.000 199.962 0.000 0.000 136.409 125.134 125.625 152.250 121.700 123.943 0.000 0.000 175.570 0.000 0.000 0.000 104.612 0.000 0.000 117.348 99.408 71.732 17.886 17.503 0.000 0.000 155.841 0.000 0.000 197.135 153.473 191.775 111.194 0.000 122.489 0.000 0.000 128.106 135.676 110.470 101.118 89.688 92.173 79.338 199.618 95.287 112.693 0.000 98.901 0.000 0.000 96.453 84.295 46.295 99.141 67.569 0.000 102.497 95.796 92.148 100.683 72.540 57.761 87.256 82.907 44.257 0.000 83.120 159.872 154.961 120.861 0.000 117.996
59.802 22.535 30.013 26.164 30.531 30.772 58.279 67.431 70.449 59.135 65.828 77.180 71.632 84.640 92.150 71.246 82.461 24.098 62.465 99.347 72.998 87.227 21.948 84.743 123.175 47.618 69.143 60.641 76.834 89.534 108.887 133.850 17.379 27.972 33.475 23.951 49.935 75.715 46.281 101.881 102.588 109.923 111.288 97.998 116.985 119.657 105.710 113.191 126.617 0.000 0.000 118.165 171.568 18.787 88.948 79.046 125.098 86.184 83.176 117.790 131.755 127.399 104.727 122.737 116.775 130.123 129.007 126.324 139.680 127.576 124.728 131.547 82.416 58.286 21.935 68.684 34.491 34.667 53.226 24.179 138.758 119.527 116.065 104.179 123.226 129.692 138.913 129.885 123.157 131.260 124.132 126.941 125.133 114.927 125.605 136.392 122.974 129.737 35.883 130.864 0.000 147.316 156.244 0.000 0.000 182.469 0.000 0.000 86.991 94.890 127.197 0.000 184.739 114.092 0.000 0.000 139.738 160.146 0.000 131.149 0.000 0.000 0.000 0.000 0.000 139.862 190.914 0.000 0.000 0.000 0.000 0.000 0.000 0.000 0.000 0.000 0.000 190.076 0.000 0.000 195.977 199.099 178.640 188.878 0.000 0.000 0.000 199.602 197.283 199.655 153.396 199.990 157.620 199.313 191.160 67.142 145.894 94.571 103.886 115.071 56.090 0.000
87.585 45.601 37.189 64.231 70.715 39.738 79.373 89.022 82.626 87.740 91.495 86.114 96.124 99.130 97.947 95.206 96.687 31.887 69.966 85.727 82.026 81.848 61.945 72.442 93.575 32.106 52.098 89.942 105.948 110.547 112.250 137.154 27.972 19.447 24.851 19.252 20.404 39.186 22.846 48.050 53.553 85.479 98.687 87.390 72.571 94.803 106.327 90.358 93.342 98.102 116.954 90.156 163.213 15.727 77.396 75.477 94.441 56.403 76.419 96.238 95.724 97.062 90.659 88.597 84.567 100.885 96.900 98.043 110.438 105.027 88.228 109.984 40.160 76.633 20.234 58.421 40.394 28.752 33.531 30.405 114.952 146.665 143.486 106.552 143.518 157.431 150.539 151.424 144.276 147.578 140.220 140.016 158.473 139.929 150.928 161.436 148.728 148.754 43.452 0.000 0.000 158.180 179.581 0.000 150.217 172.297 173.918 0.000 119.484 112.732 137.370 0.000 123.341 151.723 191.737 158.484 0.000 198.590 178.874 182.972 187.078 181.143 0.000 176.071 0.000 198.984 190.308 192.914 196.078 183.432 0.000 171.042 0.000 0.000 197.650 170.998 0.000 169.342 192.455 175.243 171.628 159.905 153.606 149.092 150.874 0.000 197.981 179.479 180.692 180.526 120.048 139.134 179.196 178.107 148.433 140.040 164.477 119.366 148.648 124.572 70.150 147.011
