14.694 102.225 112.467 87.760 85.037 82.126 24.726 26.950 78.223 79.630 90.506 97.059 103.693 18.990 57.393 107.499 116.594 132.688 120.054 89.239 76.616 82.465 99.157 88.830 110.094 122.341 134.773 85.315 18.421 45.374 0.000 87.448 70.633 71.483 113.118 85.468 97.200 84.622 97.398 89.329 72.566 0.000 150.234 129.434 149.718 175.635 162.355 174.675 0.000 148.148 0.000 169.216 126.003 0.000 0.000 149.606 161.336 96.403 144.823 103.467 0.000 107.809 156.552 0.000 129.581 194.316 195.735 0.000 155.560 160.304 82.102 137.094 129.957 0.000 0.000 0.000 137.656 168.530 0.000 0.000 0.000 0.000 146.009 165.797
102.225 15.258 77.474 94.093 109.245 143.751 0.000 0.000 67.404 141.691 79.068 126.669 60.494 0.000 117.975 58.707 71.530 0.000 74.716 90.878 104.752 28.960 103.849 76.167 23.186 63.771 19.675 93.988 103.488 108.892 67.140 106.111 133.863 85.861 140.733 83.514 56.568 56.943 74.826 110.824 75.270 71.293 85.362 47.325 67.623 73.800 114.990 101.173 61.367 117.786 17.294 63.865 89.701 128.914 135.935 132.449 143.737 67.948 0.000 85.036 98.389 47.091 0.000 126.165 60.471 78.958 77.390 74.377 104.689 107.847 31.580 91.352 80.416 35.471 59.337 36.648 102.650 104.278 129.144 69.714 140.206 0.000 80.288 168.835
112.467 77.474 18.645 121.633 106.220 134.970 101.477 124.281 105.815 136.089 118.370 149.286 113.626 114.627 118.042 85.158 54.997 113.537 86.021 142.794 75.255 88.587 31.891 98.467 91.537 40.867 35.956 95.915 93.657 87.574 0.000 113.258 78.721 71.495 133.490 71.077 46.602 58.798 61.293 104.297 106.643 79.246 102.965 67.872 101.432 108.178 133.378 115.512 92.167 0.000 66.126 102.580 138.520 138.231 159.315 164.342 166.018 119.650 163.275 113.422 155.944 103.568 160.152 148.565 106.391 113.070 130.137 124.895 167.712 122.108 80.989 109.851 139.680 89.021 101.327 99.470 158.154 126.254 139.206 134.439 136.352 112.530 110.815 159.862
87.760 94.093 121.633 14.481 100.604 66.439 62.110 93.938 27.782 65.267 130.877 25.563 128.611 87.801 54.191 77.111 109.701 149.067 151.059 17.182 94.211 52.802 121.072 18.239 117.608 150.918 100.523 25.627 88.762 70.440 0.000 124.804 76.103 92.347 76.980 73.867 117.268 86.265 90.587 55.271 89.406 116.086 102.250 122.587 113.738 127.467 94.503 122.865 129.145 126.074 93.037 139.321 37.655 143.040 84.940 109.543 100.937 43.857 119.416 144.071 48.336 135.128 110.824 97.839 92.424 151.155 162.761 159.675 35.967 120.296 63.773 120.122 39.879 115.696 153.269 125.986 119.128 116.462 141.380 0.000 143.051 114.633 118.376 95.393
85.037 109.245 106.220 100.604 16.212 26.597 114.670 27.487 66.361 110.177 31.302 80.334 42.849 41.563 30.337 118.896 66.333 72.332 90.812 105.110 112.804 110.249 108.675 95.621 63.885 103.194 123.718 125.246 37.928 113.681 83.162 17.914 81.354 26.368 53.550 71.975 59.915 38.212 36.827 28.748 23.079 47.550 82.964 84.624 119.645 69.670 85.207 77.666 65.503 0.000 84.796 0.000 160.898 91.531 131.932 162.585 127.563 119.636 165.581 73.163 110.860 66.922 171.807 128.157 145.018 161.370 155.128 130.907 164.618 156.196 131.523 145.150 162.806 70.758 145.196 139.227 174.417 183.680 139.609 144.233 0.000 126.965 113.457 99.799
82.126 143.751 134.970 66.439 26.597 18.582 65.517 21.946 40.576 24.698 63.316 28.500 72.332 34.964 19.623 133.835 112.141 107.881 109.139 47.513 132.565 155.876 137.568 70.022 83.263 138.220 133.357 105.207 54.158 100.867 0.000 23.688 68.842 44.024 26.356 64.086 89.411 49.123 50.754 24.912 28.276 75.260 94.764 119.929 145.410 114.820 110.696 126.701 101.011 167.963 134.098 161.108 137.397 121.233 98.224 142.119 144.646 96.074 136.599 119.051 66.946 96.787 161.603 87.252 145.288 159.194 158.007 176.549 131.102 164.305 107.067 161.955 133.421 117.210 184.909 162.142 140.207 161.497 152.940 0.000 157.207 165.909 162.610 63.729
24.726 0.000 101.477 62.110 114.670 65.517 16.969 57.579 63.211 27.858 118.610 115.847 124.318 39.258 74.938 104.962 113.979 140.740 139.598 80.598 63.511 105.347 87.177 60.746 127.826 122.244 129.799 33.883 64.661 26.047 0.000 122.620 69.802 81.611 123.524 74.434 105.524 79.486 77.923 85.262 94.219 108.364 111.435 137.728 142.780 138.650 138.372 146.941 126.800 125.971 120.380 154.108 117.055 168.983 129.494 122.037 146.059 85.566 127.772 152.545 143.604 136.085 145.271 107.739 126.998 158.197 0.000 196.812 130.407 138.640 99.150 139.589 110.205 135.969 189.775 160.400 124.178 145.948 136.198 0.000 172.167 134.227 145.851 163.770
26.950 0.000 124.281 93.938 27.487 21.946 57.579 18.302 66.864 33.593 64.610 59.241 78.253 21.234 21.803 114.781 125.085 100.065 118.036 84.484 100.616 141.911 111.437 95.433 102.644 130.299 141.089 95.498 52.808 75.659 130.285 24.994 91.066 69.912 31.507 73.942 96.778 53.684 46.939 29.216 26.867 66.704 125.662 122.324 158.538 123.442 127.371 129.043 111.254 170.829 114.690 174.456 143.666 111.247 127.809 149.671 173.150 100.027 162.403 148.674 94.235 108.137 175.457 127.852 145.062 186.455 165.927 146.648 158.924 162.155 130.590 172.630 138.645 76.565 145.688 164.132 151.221 169.494 161.580 0.000 188.025 142.410 162.201 92.565
78.223 67.404 105.815 27.782 66.361 40.576 63.211 66.864 15.176 61.676 108.736 19.270 102.563 88.757 29.733 37.832 114.471 119.541 120.736 28.188 87.210 28.111 99.136 19.036 90.672 116.219 81.996 55.526 79.619 68.445 135.821 91.238 72.304 85.620 35.979 52.387 94.567 70.016 72.365 31.521 61.593 100.580 71.104 97.816 85.816 85.524 60.101 91.137 106.312 92.939 70.151 121.451 43.575 87.309 81.459 76.911 108.546 16.716 82.442 123.102 54.173 108.232 102.782 62.668 49.955 124.897 141.640 141.819 76.184 91.453 25.754 101.346 28.690 93.707 112.162 83.589 72.208 96.340 91.246 0.000 131.156 69.825 92.818 47.047
79.630 141.691 136.089 65.267 110.177 24.698 27.858 33.593 61.676 19.308 127.064 26.358 135.417 39.085 61.542 130.291 123.347 150.265 147.400 33.795 98.373 71.314 115.362 68.116 135.034 149.360 158.874 48.048 91.310 71.640 162.351 125.125 80.734 92.340 29.634 88.291 123.558 92.179 91.167 74.519 97.245 117.987 115.873 143.423 149.358 137.168 116.003 143.088 138.394 155.739 145.242 177.688 138.369 135.836 106.299 134.259 155.830 82.428 142.246 165.298 90.110 146.863 163.124 114.269 147.089 0.000 185.128 177.297 139.750 162.252 139.362 168.523 119.790 174.817 168.856 173.529 135.573 165.271 158.790 185.761 170.104 155.476 162.393 57.098
90.506 79.068 118.370 130.877 31.302 63.316 118.610 64.610 108.736 127.064 16.321 116.681 23.022 65.942 71.206 130.504 34.514 18.265 20.935 132.191 118.821 104.221 96.208 131.806 36.846 18.153 99.335 128.334 33.068 112.048 44.081 37.576 70.179 24.640 119.413 71.732 36.870 39.186 42.404 45.662 29.217 34.578 77.169 55.447 107.825 80.121 113.364 83.754 46.255 194.233 66.534 166.129 189.729 91.332 154.229 183.595 146.479 130.510 172.429 61.884 166.822 47.116 167.337 136.338 150.635 121.032 101.359 105.486 181.078 169.616 113.248 146.500 171.021 30.810 94.239 95.513 180.647 186.978 189.694 95.564 122.555 168.058 118.898 127.857
97.059 126.669 149.286 25.563 80.334 28.500 115.847 59.241 19.270 26.358 116.681 17.146 124.366 73.138 28.764 143.601 139.376 140.571 140.175 17.715 146.975 60.123 150.274 21.889 115.312 150.918 134.064 65.098 90.555 141.772 0.000 105.354 91.660 86.158 33.803 70.472 104.550 90.424 96.225 37.213 79.151 108.931 93.020 124.155 129.528 106.978 99.671 114.813 116.077 146.763 122.143 169.917 93.615 100.138 54.723 138.723 83.781 67.464 112.031 137.756 41.634 129.872 147.001 64.565 138.948 0.000 146.930 143.050 88.259 158.819 100.317 159.737 115.312 118.944 158.722 156.956 135.066 147.333 160.148 0.000 156.692 148.970 140.159 43.227
103.693 60.494 113.626 128.611 42.849 72.332 124.318 78.253 102.563 135.417 23.022 124.366 16.836 107.912 84.755 127.286 97.972 67.785 84.607 139.878 119.666 90.633 116.959 137.156 18.702 19.791 21.342 133.134 71.143 121.325 14.735 63.607 78.955 45.445 105.817 60.536 31.487 43.263 42.436 54.172 35.351 21.903 59.130 59.036 56.210 43.474 76.194 57.735 28.067 91.700 52.324 128.698 141.890 69.298 112.911 144.700 115.922 104.262 147.201 53.837 118.068 24.181 127.552 105.165 125.382 123.131 99.719 105.924 147.005 130.180 87.761 120.612 160.651 23.374 97.920 79.902 149.987 137.047 118.978 85.808 85.200 0.000 69.255 109.130
18.990 0.000 114.627 87.801 41.563 34.964 39.258 21.234 88.757 39.085 65.942 73.138 107.912 17.544 51.404 130.689 122.569 66.852 136.907 89.184 91.562 96.408 103.832 94.846 94.378 126.659 134.796 90.763 20.013 64.877 0.000 24.378 79.554 84.771 49.803 95.073 105.221 93.828 93.046 67.311 74.925 127.722 141.802 156.368 164.225 161.096 161.356 177.184 185.477 149.205 133.614 170.720 148.307 180.106 160.736 147.492 175.765 99.598 158.296 175.285 159.275 169.257 170.425 147.751 141.149 178.062 0.000 0.000 146.978 147.675 102.964 161.482 136.303 114.097 190.850 165.494 145.299 169.586 156.079 0.000 187.044 159.868 156.184 148.405
57.393 117.975 118.042 54.191 30.337 19.623 74.938 21.803 29.733 61.542 71.206 28.764 84.755 51.404 16.518 129.690 125.470 0.000 117.474 45.872 114.560 84.751 121.841 39.919 76.473 141.933 115.815 83.901 65.858 110.415 0.000 50.918 104.199 56.863 30.871 50.205 90.680 66.739 67.180 19.542 28.533 72.318 84.545 105.948 132.782 95.720 94.383 64.787 110.309 147.403 0.000 133.492 99.190 111.266 94.503 161.929 128.219 67.485 123.124 114.608 65.237 105.069 165.604 82.402 139.890 0.000 0.000 0.000 123.039 158.461 96.143 150.858 112.256 130.166 144.529 141.522 130.990 141.426 156.718 151.522 168.307 0.000 116.903 59.231
107.499 58.707 85.158 77.111 118.896 133.835 104.962 114.781 37.832 130.291 130.504 143.601 127.286 130.689 129.690 22.786 108.716 152.268 138.726 118.975 39.000 22.095 48.244 28.318 90.575 116.381 31.195 43.990 107.796 91.555 0.000 140.035 87.699 91.972 141.840 74.083 69.949 76.178 79.471 91.906 108.507 108.497 91.409 92.196 92.887 92.409 116.901 116.547 123.307 125.168 62.143 111.034 98.762 142.477 159.690 118.278 151.698 51.000 138.197 127.850 140.944 141.620 142.635 134.636 34.412 121.481 155.097 141.883 142.187 68.649 32.318 81.619 57.290 110.434 125.242 53.745 102.304 130.304 121.632 166.156 153.184 102.957 104.402 157.497
116.594 71.530 54.997 109.701 66.333 112.141 113.979 125.085 114.471 123.347 34.514 139.376 97.972 122.569 125.470 108.716 21.178 60.236 25.825 146.235 82.231 88.654 41.875 119.233 86.398 42.736 76.100 110.828 56.206 92.017 0.000 64.949 55.287 24.985 136.566 74.665 53.917 45.144 57.008 101.440 90.521 105.532 108.733 77.132 110.407 124.609 141.006 123.343 112.391 0.000 73.326 114.078 0.000 128.152 156.220 167.262 0.000 117.885 0.000 124.481 0.000 109.017 183.861 184.413 126.884 122.517 114.778 124.609 0.000 143.934 92.836 128.401 153.992 95.664 106.445 107.203 170.387 139.399 172.185 111.267 131.752 0.000 142.520 145.359
132.688 0.000 113.537 149.067 72.332 107.881 140.740 100.065 119.541 150.265 18.265 140.571 67.785 66.852 0.000 152.268 60.236 12.004 16.903 152.805 140.717 150.546 126.699 153.644 76.115 15.950 72.545 147.338 29.102 134.595 58.308 78.070 92.866 55.734 143.551 81.751 48.871 56.900 56.516 98.353 75.944 63.494 91.066 77.348 99.143 111.913 137.563 97.519 84.704 0.000 93.226 0.000 0.000 113.579 173.042 186.440 0.000 139.521 168.313 97.406 0.000 91.991 0.000 144.433 152.103 0.000 107.894 107.243 181.967 174.825 132.210 184.293 191.480 74.156 105.201 104.430 188.679 173.272 0.000 108.892 123.285 0.000 116.856 148.277
120.054 74.716 86.021 151.059 90.812 109.139 139.598 118.036 120.736 147.400 20.935 140.175 84.607 136.907 117.474 138.726 25.825 16.903 16.873 146.205 117.997 116.389 91.691 138.468 58.352 25.197 70.184 136.676 75.181 116.439 60.194 90.413 82.415 33.611 134.066 76.991 49.110 53.203 53.164 108.455 89.899 73.277 93.984 75.122 106.683 111.777 122.987 143.161 90.404 0.000 72.865 116.751 195.791 101.338 127.939 180.006 178.005 152.485 196.687 98.597 153.225 100.259 0.000 134.443 154.811 116.935 110.662 113.129 0.000 185.555 107.791 158.109 180.630 90.610 103.757 104.853 188.968 169.220 144.409 114.157 164.870 0.000 134.387 144.536
89.239 90.878 142.794 17.182 105.110 47.513 80.598 84.484 28.188 33.795 132.191 17.715 139.878 89.184 45.872 118.975 146.235 152.805 146.205 14.167 108.347 54.917 162.108 22.735 125.449 187.079 116.572 30.029 98.795 0.000 176.696 127.475 83.012 97.046 51.778 87.640 120.315 96.800 100.635 51.050 104.200 119.289 97.977 153.302 151.518 158.501 103.166 132.408 142.658 149.903 83.512 0.000 76.816 143.735 105.864 132.992 122.909 73.742 138.593 162.519 63.042 142.605 146.116 111.442 111.109 146.759 0.000 0.000 85.063 132.553 101.076 128.214 112.409 153.544 0.000 151.407 135.279 145.974 147.033 0.000 167.975 0.000 141.821 93.341
76.616 104.752 75.255 94.211 112.804 132.565 63.511 100.616 87.210 98.373 118.821 146.975 119.666 91.562 114.560 39.000 82.231 140.717 117.997 108.347 22.720 67.665 32.897 37.316 120.154 94.250 93.710 28.016 27.103 29.431 0.000 117.426 21.174 43.424 132.709 69.095 68.739 62.763 69.585 82.134 94.580 106.055 105.930 123.631 120.591 122.729 132.180 126.159 123.145 125.504 117.612 133.799 133.229 147.836 155.222 132.817 153.639 97.802 146.608 145.401 145.286 129.231 153.318 153.548 90.562 151.080 0.000 172.424 134.456 122.089 78.921 116.015 110.618 133.498 168.970 123.161 122.458 143.082 132.813 167.996 163.681 123.125 130.280 156.592
82.465 28.960 88.587 52.802 110.249 155.876 105.347 141.911 28.111 71.314 104.221 60.123 90.633 96.408 84.751 22.095 88.654 150.546 116.389 54.917 67.665 18.248 63.309 38.134 62.394 84.658 34.621 60.681 88.409 74.655 97.879 164.428 87.267 85.607 135.072 72.828 76.668 73.270 82.055 86.672 119.794 94.399 76.996 71.063 82.133 86.024 104.681 117.373 99.658 79.727 32.288 77.876 61.798 112.100 125.232 95.080 133.718 28.801 124.718 117.155 77.972 76.423 144.556 105.654 30.312 91.480 134.118 131.789 106.782 80.078 19.647 76.158 42.960 63.276 86.531 43.418 77.987 104.740 87.100 101.222 148.324 99.668 87.424 146.161
99.157 103.849 31.891 121.072 108.675 137.568 87.177 111.437 99.136 115.362 96.208 150.274 116.959 103.832 121.841 48.244 41.875 126.699 91.691 162.108 32.897 63.309 24.505 54.886 108.890 58.049 49.618 61.924 43.878 67.905 0.000 97.398 22.095 41.058 133.952 67.055 52.998 54.320 65.578 84.241 92.971 95.638 105.028 105.614 113.029 116.201 128.139 126.818 110.491 196.239 77.451 110.992 145.074 140.355 165.576 148.281 171.004 98.652 167.673 126.874 157.358 129.431 173.506 145.691 94.713 126.172 155.269 168.347 167.005 114.749 75.196 111.278 111.034 124.811 134.737 105.449 132.434 138.946 142.889 172.307 156.915 138.882 126.234 159.300
88.830 76.167 98.467 18.239 95.621 70.022 60.746 95.433 19.036 68.116 131.806 21.889 137.156 94.846 39.919 28.318 119.233 153.644 138.468 22.735 37.316 38.134 54.886 17.513 103.313 133.105 79.135 29.750 87.738 78.500 168.866 120.969 76.165 91.594 88.846 74.335 96.472 83.837 84.091 49.688 91.844 122.670 103.303 131.005 117.178 114.441 107.336 137.707 136.653 116.596 80.248 138.445 49.415 143.732 123.516 110.713 140.141 27.673 118.666 163.089 88.505 145.800 137.198 96.536 51.010 144.374 177.965 166.297 98.861 104.260 38.264 104.207 36.692 108.790 142.896 89.543 102.580 129.025 113.897 0.000 163.161 109.495 122.839 124.151
110.094 23.186 91.537 117.608 63.885 83.263 127.826 102.644 90.672 135.034 36.846 115.312 18.702 94.378 76.473 90.575 86.398 76.115 58.352 125.449 120.154 62.394 108.890 103.313 15.355 52.007 19.661 125.287 77.256 126.527 24.132 82.116 83.265 58.281 101.501 48.328 31.015 42.869 35.152 65.316 42.505 25.095 48.531 45.059 50.539 39.082 73.733 60.083 20.954 0.000 27.781 98.943 124.209 79.436 106.853 124.948 101.575 92.654 140.428 38.254 130.928 20.691 118.123 94.631 99.068 96.029 83.031 90.253 130.889 122.893 68.652 116.832 108.912 17.021 78.116 46.137 128.775 119.351 133.639 75.779 73.565 0.000 57.602 105.910
122.341 63.771 40.867 150.918 103.194 138.220 122.244 130.299 116.219 149.360 18.153 150.918 19.791 126.659 141.933 116.381 42.736 15.950 25.197 187.079 94.250 84.658 58.049 133.105 52.007 19.445 31.634 133.235 98.855 100.256 14.829 113.969 103.071 70.439 138.137 75.869 44.223 60.442 59.928 110.880 85.113 68.338 103.435 66.339 93.568 99.747 138.533 97.567 80.888 0.000 63.560 99.871 183.014 133.854 162.496 169.768 160.790 127.744 173.791 93.876 163.541 87.850 173.350 143.074 121.905 108.984 104.967 106.551 160.768 146.632 97.376 121.302 155.706 79.388 95.705 95.116 165.031 131.275 150.913 106.246 0.000 133.887 105.621 152.276
134.773 19.675 35.956 100.523 123.718 133.357 129.799 141.089 81.996 158.874 99.335 134.064 21.342 134.796 115.815 31.195 76.100 72.545 70.184 116.572 93.710 34.621 49.618 79.135 19.661 31.634 18.996 85.010 97.176 112.703 18.720 116.390 95.192 79.214 140.300 76.582 50.666 64.143 67.535 107.916 103.937 92.200 104.798 66.836 95.073 105.939 134.995 128.473 92.052 179.248 36.041 101.402 124.498 132.365 174.321 159.529 167.797 85.236 167.874 101.677 145.046 44.340 163.096 148.341 46.279 110.724 104.256 103.954 166.620 115.767 45.866 104.697 96.126 38.808 95.256 58.223 137.025 125.552 139.418 107.649 146.083 124.947 111.462 158.607
85.315 93.988 95.915 25.627 125.246 105.207 33.883 95.498 55.526 48.048 128.334 65.098 133.134 90.763 83.901 43.990 110.828 147.338 136.676 30.029 28.016 60.681 61.924 29.750 125.287 133.235 85.010 19.484 85.737 37.833 166.729 133.922 74.827 85.341 136.710 73.661 94.681 78.986 80.718 84.198 100.337 115.793 112.707 137.904 128.117 124.606 119.027 141.049 152.190 131.832 107.907 157.857 110.202 155.026 139.714 119.702 149.890 74.316 130.597 168.240 105.563 151.484 146.654 115.023 100.021 168.095 184.047 180.932 129.594 118.716 73.424 122.204 103.294 145.162 168.728 117.347 117.943 138.312 124.385 169.573 173.694 117.991 134.740 158.545
18.421 103.488 93.657 88.762 37.928 54.158 64.661 52.808 79.619 91.310 33.068 90.555 71.143 20.013 65.858 107.796 56.206 29.102 75.181 98.795 27.103 88.409 43.878 87.738 77.256 98.855 97.176 85.737 18.566 31.848 97.226 25.218 20.655 29.593 125.949 67.802 64.099 42.162 47.717 58.445 48.421 61.374 130.885 117.077 151.727 151.137 152.121 161.986 112.406 129.904 105.330 142.728 143.885 178.009 160.845 147.825 171.052 96.459 162.842 128.795 142.262 86.509 170.709 152.403 124.420 132.403 154.014 141.405 157.253 134.021 88.380 138.823 130.085 82.681 144.234 126.793 143.963 167.499 152.879 122.481 185.975 147.979 161.195 162.218
45.374 108.892 87.574 70.440 113.681 100.867 26.047 75.659 68.445 71.640 112.048 141.772 121.325 64.877 110.415 91.555 92.017 134.595 116.439 0.000 29.431 74.655 67.905 78.500 126.527 100.256 112.703 37.833 31.848 17.750 164.258 118.086 31.540 49.278 129.141 69.280 91.654 66.427 69.722 80.787 90.567 95.868 118.453 140.435 134.791 134.502 137.789 141.309 134.677 139.197 104.760 140.927 113.938 0.000 161.376 136.924 159.323 82.994 143.841 165.245 146.721 134.497 160.434 153.006 116.856 160.324 147.185 163.531 146.747 135.865 84.470 131.097 114.793 128.455 111.793 138.557 126.813 148.827 151.313 0.000 167.805 141.842 142.834 158.846
0.000 67.140 0.000 0.000 83.162 0.000 0.000 130.285 135.821 162.351 44.081 0.000 14.735 0.000 0.000 0.000 0.000 58.308 60.194 176.696 0.000 97.879 0.000 168.866 24.132 14.829 18.720 166.729 97.226 164.258 11.846 139.154 115.815 72.566 123.808 87.636 50.660 69.745 66.539 120.133 79.769 67.834 98.512 77.847 96.595 94.914 0.000 0.000 89.522 0.000 76.476 0.000 0.000 0.000 0.000 0.000 173.031 137.292 0.000 96.323 0.000 61.373 149.935 0.000 0.000 0.000 108.670 106.109 0.000 0.000 111.960 170.982 0.000 56.700 104.061 65.372 0.000 0.000 0.000 105.253 0.000 0.000 129.752 136.462
87.448 106.111 113.258 124.804 17.914 23.688 122.620 24.994 91.238 125.125 37.576 105.354 63.607 24.378 50.918 140.035 64.949 78.070 90.413 127.475 117.426 164.428 97.398 120.969 82.116 113.969 116.390 133.922 25.218 118.086 139.154 15.057 81.822 31.187 95.175 85.035 81.095 46.981 47.463 45.937 35.389 59.477 108.382 110.988 155.094 133.331 148.813 126.590 78.914 191.802 0.000 142.984 179.247 94.696 171.700 187.942 195.403 136.180 187.002 92.062 135.748 86.817 192.510 155.843 176.548 159.262 161.539 153.563 184.288 175.643 132.571 152.592 177.569 87.204 190.077 143.546 186.288 193.205 180.765 151.988 0.000 189.833 153.371 130.966
70.633 133.863 78.721 76.103 81.354 68.842 69.802 91.066 72.304 80.734 70.179 91.660 78.955 79.554 104.199 87.699 55.287 92.866 82.415 83.012 21.174 87.267 22.095 76.165 83.265 103.071 95.192 74.827 20.655 31.540 115.815 81.822 16.216 21.071 127.262 62.064 64.427 32.935 34.234 66.093 52.896 86.760 117.618 108.598 130.638 127.012 148.828 163.504 0.000 0.000 0.000 144.627 130.181 150.538 148.750 130.136 163.058 78.951 149.134 152.890 143.180 82.019 154.994 0.000 112.033 143.484 194.276 0.000 145.944 121.215 79.236 124.933 114.799 70.640 196.772 129.481 128.701 152.706 132.091 0.000 196.381 132.198 146.030 161.790
71.483 85.861 71.495 92.347 26.368 44.024 81.611 69.912 85.620 92.340 24.640 86.158 45.445 84.771 56.863 91.972 24.985 55.734 33.611 97.046 43.424 85.607 41.058 91.594 58.281 70.439 79.214 85.341 29.593 49.278 72.566 31.187 21.071 18.939 110.631 63.986 45.621 25.947 33.740 36.046 23.242 34.737 96.657 81.175 140.946 108.331 134.501 114.383 61.912 149.529 67.311 115.140 156.874 125.198 159.936 154.492 175.869 98.696 163.808 77.396 154.730 64.319 168.635 162.754 114.455 131.321 147.976 124.755 164.496 128.362 96.668 120.691 130.678 60.828 118.263 110.817 148.444 166.623 148.372 108.622 145.120 144.877 142.889 146.160
113.118 140.733 133.490 76.980 53.550 26.356 123.524 31.507 35.979 29.634 119.413 33.803 105.817 49.803 30.871 141.840 136.566 143.551 134.066 51.778 132.709 135.072 133.952 88.846 101.501 138.137 140.300 136.710 125.949 129.141 123.808 95.175 127.262 110.631 26.398 72.664 93.797 91.572 80.169 46.961 81.718 94.211 85.110 104.901 106.793 90.767 84.702 91.903 100.183 196.601 153.384 151.399 143.734 91.495 66.291 163.620 95.422 59.130 100.026 104.295 42.321 105.108 163.103 54.563 155.097 160.402 144.257 143.132 106.274 149.968 142.608 151.815 157.334 115.717 148.622 154.113 158.597 160.471 151.566 159.177 116.841 159.673 114.421 44.157
85.468 83.514 71.077 73.867 71.975 64.086 74.434 73.942 52.387 88.291 71.732 70.472 60.536 95.073 50.205 74.083 74.665 81.751 76.991 87.640 69.095 72.828 67.055 74.335 48.328 75.869 76.582 73.661 67.802 69.280 87.636 85.035 62.064 63.986 72.664 20.016 33.628 39.536 32.872 39.957 50.899 35.903 31.438 49.282 58.942 48.583 69.314 62.253 40.519 134.987 80.697 110.874 121.920 71.632 106.570 125.455 119.335 80.393 128.864 55.851 97.076 57.374 138.130 79.799 94.838 112.983 91.650 95.969 118.232 112.733 79.527 107.436 112.461 53.378 100.680 102.454 124.946 137.502 125.039 96.840 84.034 121.162 87.226 87.804
97.200 56.568 46.602 117.268 59.915 89.411 105.524 96.778 94.567 123.558 36.870 104.550 31.487 105.221 90.680 69.949 53.917 48.871 49.110 120.315 68.739 76.668 52.998 96.472 31.015 44.223 50.666 94.681 64.099 91.654 50.660 81.095 64.427 45.621 93.797 33.628 15.765 28.719 24.340 64.170 38.144 21.631 50.279 36.102 57.145 54.684 87.502 67.075 30.135 193.613 61.512 70.755 149.487 84.120 114.331 138.182 120.742 94.373 145.149 49.497 130.622 45.744 135.306 96.119 86.473 81.955 72.555 78.979 149.848 110.416 68.627 88.866 127.236 34.036 68.676 68.869 139.158 120.153 128.570 75.516 81.946 115.686 73.366 110.881
84.622 56.943 58.798 86.265 38.212 49.123 79.486 53.684 70.016 92.179 39.186 90.424 43.263 93.828 66.739 76.178 45.144 56.900 53.203 96.800 62.763 73.270 54.320 83.837 42.869 60.442 64.143 78.986 42.162 66.427 69.745 46.981 32.935 25.947 91.572 39.536 28.719 17.591 16.082 37.547 25.145 24.505 59.810 65.026 91.099 70.911 97.586 73.981 47.286 147.588 64.816 99.023 151.030 100.055 134.168 143.833 146.307 92.193 154.631 67.186 122.541 55.749 169.945 118.655 98.820 112.508 114.293 136.691 155.508 117.554 81.076 107.006 123.715 51.081 104.610 92.585 139.077 161.693 140.581 102.586 122.061 138.627 129.557 112.997
97.398 74.826 61.293 90.587 36.827 50.754 77.923 46.939 72.365 91.167 42.404 96.225 42.436 93.046 67.180 79.471 57.008 56.516 53.164 100.635 69.585 82.055 65.578 84.091 35.152 59.928 67.535 80.718 47.717 69.722 66.539 47.463 34.234 33.740 80.169 32.872 24.340 16.082 16.514 39.517 24.749 22.355 44.271 53.137 70.254 56.536 73.610 65.768 31.474 149.306 71.020 107.533 143.362 69.370 121.971 141.035 125.880 88.902 149.000 49.497 122.173 48.415 149.002 114.799 102.449 115.202 97.276 101.973 142.471 125.794 87.714 117.002 123.083 41.293 95.785 100.457 135.943 142.561 131.550 93.177 78.615 116.087 90.196 97.351
89.329 110.824 104.297 55.271 28.748 24.912 85.262 29.216 31.521 74.519 45.662 37.213 54.172 67.311 19.542 91.906 101.440 98.353 108.455 51.050 82.134 86.672 84.241 49.688 65.316 110.880 107.916 84.198 58.445 80.787 120.133 45.937 66.093 36.046 46.961 39.957 64.170 37.547 39.517 18.620 21.588 57.787 69.904 86.501 99.227 72.520 80.297 80.581 74.815 124.652 97.824 135.128 106.494 100.842 105.623 126.498 130.990 69.791 114.853 87.194 93.922 75.144 147.120 85.523 110.950 135.943 137.293 135.082 107.729 126.451 91.267 126.981 111.812 74.033 131.036 134.017 121.667 144.800 139.624 170.778 113.723 121.991 126.601 89.988
72.566 75.270 106.643 89.406 23.079 28.276 94.219 26.867 61.593 97.245 29.217 79.151 35.351 74.925 28.533 108.507 90.521 75.944 89.899 104.200 94.580 119.794 92.971 91.844 42.505 85.113 103.937 100.337 48.421 90.567 79.769 35.389 52.896 23.242 81.718 50.899 38.144 25.145 24.749 21.588 18.243 27.951 61.578 63.980 84.164 65.044 82.609 73.640 47.948 0.000 60.480 132.213 150.319 86.014 119.746 150.165 161.725 104.555 155.823 56.086 129.821 53.250 173.299 137.093 141.232 120.520 129.936 122.200 156.313 138.421 101.346 127.351 146.665 49.585 122.128 119.190 152.972 162.571 140.535 110.029 80.771 138.319 110.266 99.031
0.000 71.293 79.246 116.086 47.550 75.260 108.364 66.704 100.580 117.987 34.578 108.931 21.903 127.722 72.318 108.497 105.532 63.494 73.277 119.289 106.055 94.399 95.638 122.670 25.095 68.338 92.200 115.793 61.374 95.868 67.834 59.477 86.760 34.737 94.211 35.903 21.631 24.505 22.355 57.787 27.951 18.501 43.199 37.239 45.999 32.514 77.398 56.285 19.929 126.171 58.564 119.350 134.883 69.484 101.882 130.406 105.359 95.451 131.728 24.065 120.918 20.872 119.260 91.120 104.329 116.475 106.155 82.032 123.336 119.789 95.404 113.958 133.995 22.904 82.931 87.573 133.250 127.676 125.540 82.482 83.960 99.614 60.983 101.873
150.234 85.362 102.965 102.250 82.964 94.764 111.435 125.662 71.104 115.873 77.169 93.020 59.130 141.802 84.545 91.409 108.733 91.066 93.984 97.977 105.930 76.996 105.028 103.303 48.531 103.435 104.798 112.707 130.885 118.453 98.512 108.382 117.618 96.657 85.110 31.438 50.279 59.810 44.271 69.904 61.578 43.199 20.715 35.488 42.620 35.150 44.768 55.207 42.691 69.917 82.956 72.982 91.270 65.443 67.535 79.688 80.514 36.741 93.293 61.363 64.940 61.734 81.364 50.426 73.676 78.275 83.553 79.972 86.994 71.707 79.831 69.470 76.000 55.819 79.067 78.306 75.372 73.682 69.409 94.719 77.240 55.647 61.639 79.911
129.434 47.325 67.872 122.587 84.624 119.929 137.728 122.324 97.816 143.423 55.447 124.155 59.036 156.368 105.948 92.196 77.132 77.348 75.122 153.302 123.631 71.063 105.614 131.005 45.059 66.339 66.836 137.904 117.077 140.435 77.847 110.988 108.598 81.175 104.901 49.282 36.102 65.026 53.137 86.501 63.980 37.239 35.488 16.576 26.987 24.805 65.316 49.073 21.654 90.653 48.376 49.271 134.082 74.596 86.234 116.174 88.921 73.113 127.609 42.005 113.174 39.119 96.694 84.633 77.886 54.636 50.702 55.438 123.279 82.569 72.599 60.059 112.028 41.286 45.617 54.520 111.826 76.725 96.912 53.720 70.949 73.541 46.737 102.234
149.718 67.623 101.432 113.738 119.645 145.410 142.780 158.538 85.816 149.358 107.825 129.528 56.210 164.225 132.782 92.887 110.407 99.143 106.683 151.518 120.591 82.133 113.029 117.178 50.539 93.568 95.073 128.117 151.727 134.791 96.595 155.094 130.638 140.946 106.793 58.942 57.145 91.099 70.254 99.227 84.164 45.999 42.620 26.987 16.915 18.108 41.944 30.510 27.498 74.302 63.509 57.362 98.113 45.071 58.155 83.586 58.360 72.375 92.923 36.502 90.292 41.850 68.381 66.951 78.914 40.870 50.412 49.568 93.592 65.924 87.567 61.213 86.112 52.113 56.774 63.501 84.520 41.414 68.423 64.463 44.240 30.401 22.528 99.621
175.635 73.800 108.178 127.467 69.670 114.820 138.650 123.442 85.524 137.168 80.121 106.978 43.474 161.096 95.720 92.409 124.609 111.913 111.777 158.501 122.729 86.024 116.201 114.441 39.082 99.747 105.939 124.606 151.137 134.502 94.914 133.331 127.012 108.331 90.767 48.583 54.684 70.911 56.536 72.520 65.044 32.514 35.150 24.805 18.108 20.468 31.199 26.720 23.045 72.786 63.017 65.054 104.847 38.424 49.929 82.991 51.610 69.334 93.856 38.616 94.586 40.763 68.624 51.927 77.155 61.353 56.074 56.752 94.242 67.571 94.815 65.865 85.639 42.334 61.194 68.511 84.187 62.953 69.943 69.140 43.653 52.881 34.581 84.999
162.355 114.990 133.378 94.503 85.207 110.696 138.372 127.371 60.101 116.003 113.364 99.671 76.194 161.356 94.383 116.901 141.006 137.563 122.987 103.166 132.180 104.681 128.139 107.336 73.733 138.533 134.995 119.027 152.121 137.789 0.000 148.813 148.828 134.501 84.702 69.314 87.502 97.586 73.610 80.297 82.609 77.398 44.768 65.316 41.944 31.199 19.181 21.066 47.507 91.991 110.114 101.464 76.896 30.132 29.881 94.690 37.266 38.010 83.320 45.692 36.434 58.569 59.970 21.374 95.696 86.279 86.610 90.857 69.469 87.462 89.610 88.200 70.102 72.851 100.715 108.416 97.254 65.050 88.041 94.567 41.211 80.974 34.352 53.141
174.675 101.173 115.512 122.865 77.666 126.701 146.941 129.043 91.137 143.088 83.754 114.813 57.735 177.184 64.787 116.547 123.343 97.519 143.161 132.408 126.159 117.373 126.818 137.707 60.083 97.567 128.473 141.049 161.986 141.309 0.000 126.590 163.504 114.383 91.903 62.253 67.075 73.981 65.768 80.581 73.640 56.285 55.207 49.073 30.510 26.720 21.066 18.516 30.642 74.746 91.017 107.061 109.694 21.996 30.788 101.291 32.541 62.632 104.366 30.866 79.154 43.922 57.033 27.359 95.743 89.336 66.946 89.031 104.461 90.930 97.593 85.726 104.152 54.233 87.149 97.913 106.711 54.102 89.256 90.224 29.553 65.315 21.389 84.311
0.000 61.367 92.167 129.145 65.503 101.011 126.800 111.254 106.312 138.394 46.255 116.077 28.067 185.477 110.309 123.307 112.391 84.704 90.404 142.658 123.145 99.658 110.491 136.653 20.954 80.888 92.052 152.190 112.406 134.677 89.522 78.914 0.000 61.912 100.183 40.519 30.135 47.286 31.474 74.815 47.948 19.929 42.691 21.654 27.498 23.045 47.507 30.642 23.915 87.183 44.820 97.590 127.844 47.767 70.166 115.293 71.059 79.039 119.073 24.855 114.562 20.953 80.403 74.074 111.384 90.280 61.678 60.815 118.843 105.067 75.836 100.100 113.748 22.580 72.724 79.885 120.508 77.354 109.185 75.168 55.069 65.449 32.381 103.324
148.148 117.786 0.000 126.074 0.000 167.963 125.971 170.829 92.939 155.739 194.233 146.763 91.700 149.205 147.403 125.168 0.000 0.000 0.000 149.903 125.504 79.727 196.239 116.596 0.000 0.000 179.248 131.832 129.904 139.197 0.000 191.802 0.000 149.529 196.601 134.987 193.613 147.588 149.306 124.652 0.000 126.171 69.917 90.653 74.302 72.786 91.991 74.746 87.183 16.131 106.897 113.033 83.931 99.798 81.582 30.963 46.416 75.288 77.154 89.393 82.329 112.257 22.109 102.536 91.083 102.467 79.151 110.267 86.120 82.608 122.047 90.305 81.636 165.235 116.756 119.884 84.029 23.106 38.838 0.000 82.532 53.415 66.201 150.526
0.000 17.294 66.126 93.037 84.796 134.098 120.380 114.690 70.151 145.242 66.534 122.143 52.324 133.614 0.000 62.143 73.326 93.226 72.865 83.512 117.612 32.288 77.451 80.248 27.781 63.560 36.041 107.907 105.330 104.760 76.476 0.000 0.000 67.311 153.384 80.697 61.512 64.816 71.020 97.824 60.480 58.564 82.956 48.376 63.509 63.017 110.114 91.017 44.820 106.897 17.160 67.552 90.330 117.557 133.880 138.971 138.022 64.229 169.597 56.814 93.585 35.717 171.211 112.032 58.823 77.540 60.800 68.584 96.567 103.249 31.381 99.569 77.535 24.572 56.234 24.972 100.243 105.437 111.882 69.500 0.000 0.000 109.842 133.535
169.216 63.865 102.580 139.321 0.000 161.108 154.108 174.456 121.451 177.688 166.129 169.917 128.698 170.720 133.492 111.034 114.078 0.000 116.751 0.000 133.799 77.876 110.992 138.445 98.943 99.871 101.402 157.857 142.728 140.927 0.000 142.984 144.627 115.140 151.399 110.874 70.755 99.023 107.533 135.128 132.213 119.350 72.982 49.271 57.362 65.054 101.464 107.061 97.590 113.033 67.552 19.169 126.318 134.293 152.209 99.075 128.236 100.167 150.324 106.906 156.768 117.242 119.534 130.598 91.105 47.535 108.981 68.802 162.058 66.851 93.134 31.970 101.140 92.996 31.316 34.149 96.523 81.458 84.866 139.360 123.144 95.114 74.785 143.092
126.003 89.701 138.520 37.655 160.898 137.397 117.055 143.666 43.575 138.369 189.729 93.615 141.890 148.307 99.190 98.762 0.000 0.000 195.791 76.816 133.229 61.798 145.074 49.415 124.209 183.014 124.498 110.202 143.885 113.938 0.000 179.247 130.181 156.874 143.734 121.920 149.487 151.030 143.362 106.494 150.319 134.883 91.270 134.082 98.113 104.847 76.896 109.694 127.844 83.931 90.330 126.318 17.036 120.291 69.093 80.269 95.507 42.779 42.588 137.217 37.841 141.376 100.131 73.699 69.798 132.323 152.780 153.252 21.341 120.890 58.841 132.096 19.875 141.558 166.239 117.856 38.873 103.092 89.317 174.579 138.619 87.600 102.650 85.087
0.000 128.914 138.231 143.040 91.531 121.233 168.983 111.247 87.309 135.836 91.332 100.138 69.298 180.106 111.266 142.477 128.152 113.579 101.338 143.735 147.836 112.100 140.355 143.732 79.436 133.854 132.365 155.026 178.009 0.000 0.000 94.696 150.538 125.198 91.495 71.632 84.120 100.055 69.370 100.842 86.014 69.484 65.443 74.596 45.071 38.424 30.132 21.996 47.767 99.798 117.557 134.293 120.291 16.043 26.057 116.645 20.864 66.448 110.383 38.469 80.487 56.808 36.265 32.985 128.663 100.904 76.929 113.897 112.141 118.426 121.490 117.152 112.386 74.097 105.244 132.028 124.424 56.007 109.396 97.038 19.060 92.419 25.673 69.158
0.000 135.935 159.315 84.940 131.932 98.224 129.494 127.809 81.459 106.299 154.229 54.723 112.911 160.736 94.503 159.690 156.220 173.042 127.939 105.864 155.222 125.232 165.576 123.516 106.853 162.496 174.321 139.714 160.845 161.376 0.000 171.700 148.750 159.936 66.291 106.570 114.331 134.168 121.971 105.623 119.746 101.882 67.535 86.234 58.155 49.929 29.881 30.788 70.166 81.582 133.880 152.209 69.093 26.057 21.803 84.626 22.681 47.664 34.881 73.584 32.622 83.652 36.482 21.819 143.961 122.175 109.317 116.813 55.553 127.523 104.195 130.553 71.783 99.139 124.603 138.321 103.241 76.839 111.572 120.987 22.115 94.730 50.802 31.436
149.606 132.449 164.342 109.543 162.585 142.119 122.037 149.671 76.911 134.259 183.595 138.723 144.700 147.492 161.929 118.278 167.262 186.440 180.006 132.992 132.817 95.080 148.281 110.713 124.948 169.768 159.529 119.702 147.825 136.924 0.000 187.942 130.136 154.492 163.620 125.455 138.182 143.833 141.035 126.498 150.165 130.406 79.688 116.174 83.586 82.991 94.690 101.291 115.293 30.963 138.971 99.075 80.269 116.645 84.626 23.602 76.275 63.448 33.573 124.966 90.634 132.317 50.793 94.752 106.026 103.264 142.710 139.660 93.825 36.784 104.511 85.956 69.979 129.039 138.119 125.188 38.454 71.995 28.877 161.834 123.393 75.772 89.903 130.587
161.336 143.737 166.018 100.937 127.563 144.646 146.059 173.150 108.546 155.830 146.479 83.781 115.922 175.765 128.219 151.698 0.000 0.000 178.005 122.909 153.639 133.718 171.004 140.141 101.575 160.790 167.797 149.890 171.052 159.323 173.031 195.403 163.058 175.869 95.422 119.335 120.742 146.307 125.880 130.990 161.725 105.359 80.514 88.921 58.360 51.610 37.266 32.541 71.059 46.416 138.022 128.236 95.507 20.864 22.681 76.275 20.461 71.544 47.409 72.648 60.500 85.588 22.330 34.110 132.342 121.176 98.863 124.039 81.643 107.083 122.249 119.522 103.069 93.701 124.429 140.243 103.998 47.149 83.837 112.922 24.252 85.465 61.552 34.883
96.403 67.948 119.650 43.857 119.636 96.074 85.566 100.027 16.716 82.428 130.510 67.464 104.262 99.598 67.485 51.000 117.885 139.521 152.485 73.742 97.802 28.801 98.652 27.673 92.654 127.744 85.236 74.316 96.459 82.994 137.292 136.180 78.951 98.696 59.130 80.393 94.373 92.193 88.902 69.791 104.555 95.451 36.741 73.113 72.375 69.334 38.010 62.632 79.039 75.288 64.229 100.167 42.779 66.448 47.664 63.448 71.544 15.210 66.383 91.087 18.746 93.459 85.759 35.155 31.772 108.579 102.828 104.977 30.451 100.979 26.479 94.074 22.195 94.605 107.715 78.264 61.092 83.594 79.071 163.770 84.326 66.064 78.072 40.090
144.823 0.000 163.275 119.416 165.581 136.599 127.772 162.403 82.442 142.246 172.429 112.031 147.201 158.296 123.124 138.197 0.000 168.313 196.687 138.593 146.608 124.718 167.673 118.666 140.428 173.791 167.874 130.597 162.842 143.841 0.000 187.002 149.134 163.808 100.026 128.864 145.149 154.631 149.000 114.853 155.823 131.728 93.293 127.609 92.923 93.856 83.320 104.366 119.073 77.154 169.597 150.324 42.588 110.383 34.881 33.573 47.409 66.383 20.442 127.990 34.457 135.705 51.265 69.706 170.623 125.145 147.471 146.126 32.257 117.057 126.093 125.994 62.749 136.122 159.465 167.113 34.144 96.519 86.251 167.193 128.857 96.590 97.625 34.331
103.467 85.036 113.422 144.071 73.163 119.051 152.545 148.674 123.102 165.298 61.884 137.756 53.837 175.285 114.608 127.850 124.481 97.406 98.597 162.519 145.401 117.155 126.874 163.089 38.254 93.876 101.677 168.240 128.795 165.245 96.323 92.062 152.890 77.396 104.295 55.851 49.497 67.186 49.497 87.194 56.086 24.065 61.363 42.005 36.502 38.616 45.692 30.866 24.855 89.393 56.814 106.906 137.217 38.469 73.584 124.966 72.648 91.087 127.990 17.204 118.021 23.327 76.576 74.768 125.594 26.732 19.907 23.686 127.322 106.180 102.995 94.642 131.814 33.762 18.905 85.201 131.432 49.703 107.499 31.348 47.251 71.477 24.774 110.359
0.000 98.389 155.944 48.336 110.860 66.946 143.604 94.235 54.173 90.110 166.822 41.634 118.068 159.275 65.237 140.944 0.000 0.000 153.225 63.042 145.286 77.972 157.358 88.505 130.928 163.541 145.046 105.563 142.262 146.721 0.000 135.748 143.180 154.730 42.321 97.076 130.622 122.541 122.173 93.922 129.821 120.918 64.940 113.174 90.292 94.586 36.434 79.154 114.562 82.329 93.585 156.768 37.841 80.487 32.622 90.634 60.500 18.746 34.457 118.021 19.597 128.987 89.252 29.908 134.854 125.145 136.668 138.031 23.166 154.993 64.536 151.577 28.668 134.915 142.856 122.973 61.321 97.609 137.002 150.733 104.268 114.037 93.987 35.048
107.809 47.091 103.568 135.128 66.922 96.787 136.085 108.137 108.232 146.863 47.116 129.872 24.181 169.257 105.069 141.620 109.017 91.991 100.259 142.605 129.231 76.423 129.431 145.800 20.691 87.850 44.340 151.484 86.509 134.497 61.373 86.817 82.019 64.319 105.108 57.374 45.744 55.749 48.415 75.144 53.250 20.872 61.734 39.119 41.850 40.763 58.569 43.922 20.953 112.257 35.717 117.242 141.376 56.808 83.652 132.317 85.588 93.459 135.705 23.327 128.987 15.122 88.956 82.541 129.208 105.699 72.871 103.030 142.637 122.335 73.990 116.764 131.528 16.819 33.330 21.446 136.929 79.087 125.577 15.608 64.168 86.748 44.891 114.093
156.552 0.000 160.152 110.824 171.807 161.603 145.271 175.457 102.782 163.124 167.337 147.001 127.552 170.425 165.604 142.635 183.861 0.000 0.000 146.116 153.318 144.556 173.506 137.198 118.123 173.350 163.096 146.654 170.709 160.434 149.935 192.510 154.994 168.635 163.103 138.130 135.306 169.945 149.002 147.120 173.299 119.260 81.364 96.694 68.381 68.624 59.970 57.033 80.403 22.109 171.211 119.534 100.131 36.265 36.482 50.793 22.330 85.759 51.265 76.576 89.252 88.956 19.409 64.291 112.297 90.697 43.370 118.068 93.899 99.114 118.364 106.683 97.735 105.084 120.150 135.211 97.137 22.353 67.122 112.839 21.434 67.185 60.323 100.087
0.000 126.165 148.565 97.839 128.157 87.252 107.739 127.852 62.668 114.269 136.338 64.565 105.165 147.751 82.402 134.636 184.413 144.433 134.443 111.442 153.548 105.654 145.691 96.536 94.631 143.074 148.341 115.023 152.403 153.006 0.000 155.843 0.000 162.754 54.563 79.799 96.119 118.655 114.799 85.523 137.093 91.120 50.426 84.633 66.951 51.927 21.374 27.359 74.074 102.536 112.032 130.598 73.699 32.985 21.819 94.752 34.110 35.155 69.706 74.768 29.908 82.541 64.291 17.468 120.930 100.619 122.859 120.515 58.856 120.190 89.372 131.742 57.879 108.998 119.289 137.000 94.151 86.432 106.770 125.410 50.709 133.513 53.804 31.109
