15.597 0.000 111.465 99.965 0.000 99.888 30.430 42.900 87.212 80.640 110.071 104.591 129.926 22.794 110.457 117.334 108.449 101.579 117.341 101.250 89.634 123.201 98.843 88.284 0.000 132.958 139.055 90.907 26.849 52.110 157.722 0.000 61.475 78.001 109.194 109.885 113.546 92.968 88.796 99.029 127.182 0.000 148.829 162.399 170.404 158.282 157.024 0.000 91.262 166.181 146.927 165.365 118.607 0.000 196.285 148.393 190.171 91.082 177.315 0.000 133.632 0.000 169.740 0.000 146.143 0.000 0.000 0.000 0.000 0.000 120.376 179.576 131.374 0.000 0.000 169.287 151.900 173.219 161.187 0.000 0.000 0.000 174.545 193.317
0.000 21.779 66.454 112.782 139.241 138.817 120.192 147.643 76.174 162.995 73.280 110.467 67.407 170.526 114.271 65.121 71.836 77.951 76.613 103.773 104.244 33.533 95.534 89.185 33.054 57.769 29.051 104.352 129.102 116.607 74.556 95.794 147.730 91.303 165.736 98.616 56.882 75.410 83.640 106.291 86.702 52.394 92.241 69.673 74.145 88.574 119.962 96.638 56.503 108.203 19.474 75.565 106.456 134.306 132.433 160.038 153.645 82.562 178.710 77.286 101.488 56.619 164.996 126.668 78.441 78.248 82.527 75.197 137.046 125.220 32.484 102.911 85.901 32.269 70.952 40.380 116.872 144.434 129.743 105.066 125.653 0.000 86.542 165.427
111.465 66.454 23.829 144.781 157.601 136.245 109.092 131.203 109.255 134.335 122.663 161.212 131.068 122.777 143.929 100.919 44.961 100.268 76.145 165.135 77.391 90.631 48.924 116.678 96.462 40.616 34.853 117.012 119.103 93.344 112.543 183.170 102.548 82.485 158.906 81.441 56.203 63.676 70.071 111.123 135.069 99.192 131.337 89.795 110.961 129.943 143.000 137.894 178.150 182.282 67.045 108.834 148.030 187.391 166.714 180.740 194.813 140.729 190.483 110.567 0.000 133.753 184.399 0.000 130.993 119.027 130.225 119.778 0.000 158.905 79.362 128.780 148.434 99.816 112.590 108.376 173.431 169.966 163.800 177.514 137.542 0.000 127.291 176.495
99.965 112.782 144.781 15.764 118.503 75.824 67.363 104.809 41.566 33.697 153.691 31.053 152.751 110.917 66.960 83.873 143.382 155.671 165.187 20.833 114.951 79.912 131.793 21.236 149.913 180.271 137.870 27.680 113.337 103.700 172.509 132.183 108.721 113.824 76.551 102.831 144.762 107.474 106.987 86.343 125.901 127.051 128.739 173.594 154.697 142.156 114.888 153.833 0.000 145.439 111.006 133.730 51.192 145.781 138.725 137.668 154.425 79.353 152.549 171.086 41.002 172.070 150.958 123.797 143.518 164.240 0.000 168.836 87.194 167.664 84.476 144.661 74.594 154.598 0.000 141.690 130.814 159.040 153.882 178.154 175.158 135.276 164.206 141.121
0.000 139.241 157.601 118.503 13.443 16.796 122.292 29.116 50.079 114.877 41.853 82.778 50.841 65.847 25.042 128.112 102.435 72.657 112.708 121.086 118.634 111.185 130.310 92.003 76.993 109.995 120.133 130.592 50.550 115.177 113.305 19.703 104.370 28.379 72.007 76.155 60.521 47.786 42.664 24.965 21.909 53.670 101.394 95.400 171.338 134.717 117.242 81.325 88.495 196.834 114.096 184.273 109.216 170.920 141.014 0.000 0.000 155.798 148.147 133.224 121.898 73.207 190.434 121.042 152.586 0.000 109.036 185.962 147.181 167.847 139.608 143.542 156.702 93.517 115.269 147.439 170.829 195.126 181.329 120.022 0.000 177.088 194.840 114.476
99.888 138.817 136.245 75.824 16.796 20.845 72.213 23.461 52.555 41.900 86.097 31.716 100.774 47.971 22.107 149.422 131.839 129.268 138.372 60.167 119.861 96.712 125.357 75.375 121.141 155.195 160.843 104.042 85.966 98.604 146.777 22.350 114.599 73.976 31.136 81.592 113.212 91.455 78.869 27.095 34.847 91.025 145.399 119.841 180.905 164.000 118.461 148.087 126.213 175.139 155.891 188.801 130.735 138.453 98.159 157.924 159.903 111.522 112.942 170.799 63.403 127.065 182.966 127.236 173.477 196.018 181.097 185.421 143.457 174.738 128.065 183.179 143.061 127.591 0.000 178.597 157.771 181.325 166.554 0.000 169.561 172.554 172.672 78.838
30.430 120.192 109.092 67.363 122.292 72.213 20.392 74.782 66.957 40.372 142.098 83.646 153.591 48.740 89.102 94.143 138.424 145.221 150.106 88.466 85.859 90.322 95.889 65.020 149.277 152.824 128.870 38.171 63.017 31.889 176.366 134.638 91.939 108.440 96.249 102.490 117.185 100.251 93.685 102.938 118.246 151.354 141.522 149.972 164.920 155.501 120.962 177.660 172.248 175.215 133.458 171.988 108.583 144.311 168.419 132.431 169.090 83.732 150.663 184.076 142.153 144.617 164.249 126.722 155.023 183.000 196.624 192.919 139.397 163.030 116.413 165.941 93.143 165.591 182.300 165.319 144.044 164.594 155.359 196.676 193.040 158.285 168.793 161.670
42.900 147.643 131.203 104.809 29.116 23.461 74.782 21.299 92.378 46.171 81.367 77.878 104.007 19.909 53.562 150.344 126.155 106.961 129.844 94.254 111.873 132.154 117.659 103.116 116.901 147.450 149.929 104.451 47.314 88.898 122.302 20.688 104.673 85.186 29.973 87.483 116.730 90.483 85.817 52.164 50.203 103.945 157.218 161.747 174.632 169.333 156.952 182.410 155.584 175.656 187.858 183.780 146.774 188.339 152.934 159.353 184.963 112.002 164.982 177.623 116.019 129.168 183.204 146.929 174.416 194.898 0.000 174.351 166.412 170.159 164.523 189.472 144.512 148.390 190.559 186.815 163.335 182.149 166.707 0.000 195.795 177.851 178.332 112.042
87.212 76.174 109.255 41.566 50.079 52.555 66.957 92.378 16.677 80.237 119.059 24.301 124.909 96.985 31.196 42.666 123.720 118.709 116.267 36.386 95.287 37.062 101.290 20.747 107.734 121.553 92.975 62.668 99.777 80.868 124.503 83.949 83.811 98.781 49.051 48.465 73.664 79.382 81.895 40.838 66.065 102.419 101.214 133.490 111.108 106.686 61.204 117.668 141.341 101.548 78.651 125.622 49.898 108.478 95.889 91.748 119.258 34.152 101.491 140.405 60.315 128.135 116.093 66.736 76.714 154.820 180.646 153.048 76.700 108.744 40.754 121.802 41.870 114.141 150.888 89.289 92.782 113.272 110.524 172.570 121.504 113.679 119.864 56.019
80.640 162.995 134.335 33.697 114.877 41.900 40.372 46.171 80.237 22.472 148.304 29.221 156.830 52.695 81.597 132.895 148.524 152.622 157.621 28.735 112.653 113.361 121.658 77.209 162.841 173.783 175.851 61.425 116.010 98.836 177.762 142.497 111.862 115.671 43.729 109.691 142.397 107.332 100.439 96.921 124.636 146.482 150.270 175.844 178.239 171.200 133.559 174.171 157.397 164.859 162.160 187.635 155.912 158.991 157.089 154.784 177.886 97.515 169.479 180.055 95.777 165.331 179.920 140.097 181.533 193.332 195.146 194.046 156.101 180.944 159.004 186.467 141.660 182.149 191.031 183.653 163.972 180.944 183.147 0.000 188.356 170.160 185.808 93.860
110.071 73.280 122.663 153.691 41.853 86.097 142.098 81.367 119.059 148.304 19.650 143.124 23.120 59.661 98.187 130.389 32.847 22.066 23.631 148.630 113.860 110.808 116.986 147.212 47.026 35.154 65.207 148.982 35.496 121.107 43.747 27.071 83.756 25.391 132.912 76.467 39.383 41.068 50.148 55.190 38.591 31.962 111.513 73.108 94.545 92.195 122.858 78.694 55.870 0.000 95.074 164.588 175.338 122.386 144.938 187.687 133.170 163.065 179.813 88.106 149.626 57.992 164.774 188.037 168.574 145.558 104.552 108.652 169.733 180.488 127.639 175.309 174.003 62.449 108.427 107.365 186.095 191.629 187.128 94.024 125.570 195.204 110.618 134.585
104.591 110.467 161.212 31.053 82.778 31.716 83.646 77.878 24.301 29.221 143.124 20.760 145.673 105.804 31.912 104.284 141.916 147.419 149.658 24.322 134.964 75.908 161.940 25.948 146.251 170.295 166.156 63.914 118.383 108.948 168.143 120.579 105.500 115.003 40.095 96.280 132.431 106.923 101.610 50.309 99.665 125.480 131.550 149.818 162.656 148.939 118.070 146.662 141.230 166.310 117.221 178.088 85.951 147.762 83.924 149.254 143.200 48.945 111.796 173.401 29.794 161.788 167.250 115.671 134.956 0.000 183.844 177.739 86.658 155.411 82.946 182.139 113.101 156.881 182.361 140.360 150.012 167.868 159.072 0.000 167.464 0.000 162.445 53.898
129.926 67.407 131.068 152.751 50.841 100.774 153.591 104.007 124.909 156.830 23.120 145.673 21.318 94.893 82.513 133.198 109.773 74.833 87.300 153.855 141.867 99.242 137.356 149.253 25.454 28.946 33.017 157.493 72.903 131.058 24.677 47.228 93.936 41.201 125.969 63.477 38.495 41.041 41.627 49.272 34.347 22.822 68.141 60.813 61.333 57.852 78.050 52.669 26.661 0.000 68.798 144.184 165.539 76.102 106.871 168.026 101.278 124.460 158.994 47.868 151.742 28.437 148.377 154.652 156.358 138.121 104.123 112.327 156.630 181.680 101.446 155.939 163.037 31.593 95.647 75.780 171.067 154.453 182.580 54.831 85.075 140.888 66.899 121.635
22.794 170.526 122.777 110.917 65.847 47.971 48.740 19.909 96.985 52.695 59.661 105.804 94.893 18.589 101.077 124.928 122.706 61.554 124.138 107.619 105.586 126.207 112.398 103.173 107.755 141.963 139.933 103.495 23.159 68.625 126.914 20.249 98.842 74.081 74.630 100.021 114.367 89.852 92.425 84.194 67.447 92.731 154.595 164.245 177.862 174.853 161.618 191.347 128.172 168.122 156.507 183.469 130.160 187.697 182.379 163.730 186.875 109.663 176.738 185.529 137.059 123.484 187.339 143.076 173.921 187.004 0.000 162.851 173.701 174.038 135.551 179.172 143.190 111.982 191.286 180.702 165.573 183.790 171.913 0.000 0.000 177.544 178.593 165.574
110.457 114.271 143.929 66.960 25.042 22.107 89.102 53.562 31.196 81.597 98.187 31.912 82.513 101.077 16.682 115.976 146.337 123.597 145.390 62.844 125.992 83.222 132.334 48.755 128.460 143.139 134.710 84.630 108.269 114.208 161.455 50.514 110.385 75.810 36.678 72.550 103.393 101.915 86.358 21.362 32.281 105.294 130.569 151.128 163.132 145.759 97.192 130.513 128.078 0.000 117.902 155.849 97.864 150.448 112.413 134.757 168.543 91.460 132.977 137.583 82.475 139.138 177.565 101.544 135.187 0.000 0.000 169.074 121.455 150.692 96.705 147.386 123.040 125.382 189.902 146.630 138.763 172.199 149.039 0.000 172.241 157.655 151.866 63.452
117.334 65.121 100.919 83.873 128.112 149.422 94.143 150.344 42.666 132.895 130.389 104.284 133.198 124.928 115.976 20.773 99.404 135.457 126.514 113.303 53.568 22.059 58.062 29.629 102.952 125.891 44.530 48.989 111.258 93.511 136.967 138.663 99.171 90.420 166.658 77.907 58.761 76.810 79.895 99.191 118.993 112.293 113.668 98.298 115.549 120.313 134.910 152.528 125.372 139.888 70.758 117.957 86.076 148.193 176.262 158.211 175.192 75.238 179.901 157.430 135.177 134.545 164.206 152.534 97.414 133.846 173.269 151.808 85.157 121.263 38.958 115.927 63.222 113.581 149.377 72.284 125.350 146.244 127.447 156.784 159.966 128.565 129.123 184.343
108.449 71.836 44.961 143.382 102.435 131.839 138.424 126.155 123.720 148.524 32.847 141.916 109.773 122.706 146.337 99.404 20.443 46.702 27.523 151.060 50.941 94.085 33.933 126.865 109.829 36.385 75.494 126.758 77.465 85.392 96.975 71.072 56.168 25.316 166.234 95.774 69.633 51.855 78.241 115.086 124.923 108.267 143.679 96.072 125.156 141.592 188.876 193.412 143.660 196.544 74.621 126.391 149.791 0.000 190.792 185.444 192.905 146.173 0.000 121.375 0.000 117.777 191.025 0.000 144.373 129.751 124.583 125.959 158.601 165.987 111.012 149.972 156.960 118.001 117.631 116.552 182.699 178.256 177.632 131.881 0.000 185.866 133.386 172.572
101.579 77.951 100.268 155.671 72.657 129.268 145.221 106.961 118.709 152.622 22.066 147.419 74.833 61.554 123.597 135.457 46.702 17.504 18.037 154.653 111.575 112.086 113.260 148.213 61.208 42.050 68.303 156.707 28.807 111.767 66.052 50.481 87.471 37.651 157.401 89.974 54.724 56.060 63.181 90.801 61.142 72.700 136.794 89.477 114.631 129.822 160.040 142.132 90.972 196.689 91.532 164.088 161.764 155.624 149.615 178.215 0.000 0.000 186.587 102.496 164.610 95.722 188.511 0.000 180.356 149.080 109.072 115.256 178.398 186.766 141.598 177.176 173.997 67.252 110.620 113.879 189.666 183.256 192.314 112.857 139.906 0.000 120.676 189.079
117.341 76.613 76.145 165.187 112.708 138.372 150.106 129.844 116.267 157.621 23.631 149.658 87.300 124.138 145.390 126.514 27.523 18.037 19.501 159.366 97.491 114.194 64.433 147.742 68.452 40.891 72.390 151.961 72.597 99.984 68.968 79.010 82.739 25.267 176.348 91.609 62.675 53.257 65.931 125.853 99.311 108.130 145.006 101.058 118.258 125.602 173.357 133.673 98.050 0.000 85.289 133.048 158.462 0.000 172.858 193.412 166.624 154.846 192.836 111.332 171.442 115.130 167.838 0.000 170.696 128.000 117.355 118.794 0.000 185.962 111.053 176.382 179.042 86.102 115.142 116.485 187.179 170.805 168.669 114.493 163.087 0.000 123.361 187.406
101.250 103.773 165.135 20.833 121.086 60.167 88.466 94.254 36.386 28.735 148.630 24.322 153.855 107.619 62.844 113.303 151.060 154.653 159.366 18.219 132.057 74.382 142.883 23.207 148.853 179.173 175.717 58.208 116.919 110.277 181.051 130.715 101.401 117.876 64.042 105.966 136.447 106.433 102.419 77.040 115.382 135.670 128.053 155.786 170.630 156.894 117.505 145.177 173.356 173.818 113.405 174.696 71.185 142.866 137.177 149.279 173.642 83.383 157.089 185.842 47.126 163.549 168.354 121.325 170.209 0.000 196.854 0.000 97.625 0.000 95.313 182.476 118.919 159.097 187.419 157.202 140.054 174.792 0.000 0.000 167.234 176.267 179.891 122.770
89.634 104.244 77.391 114.951 118.634 119.861 85.859 111.873 95.287 112.653 113.860 134.964 141.867 105.586 125.992 53.568 50.941 111.575 97.491 132.057 25.640 73.343 37.774 80.139 132.713 126.066 118.511 33.469 58.422 35.430 148.226 138.457 26.409 40.408 160.554 78.342 76.871 67.286 71.429 91.380 106.935 97.082 124.124 121.419 135.048 133.754 145.931 169.049 153.777 179.938 113.854 139.692 122.361 168.289 140.509 164.239 188.012 116.636 186.837 175.064 0.000 151.381 175.350 145.806 123.172 156.806 194.108 169.399 102.570 133.283 92.806 128.086 122.778 164.860 169.669 136.539 137.492 160.567 139.566 0.000 177.749 144.955 145.420 180.856
123.201 33.533 90.631 79.912 111.185 96.712 90.322 132.154 37.062 113.361 110.808 75.908 99.242 126.207 83.222 22.059 94.085 112.086 114.194 74.382 73.343 19.614 70.531 43.309 67.059 101.129 31.973 74.074 112.212 92.142 91.633 136.650 98.901 95.849 143.870 84.817 65.906 87.516 86.112 88.715 105.043 82.266 86.952 74.692 86.699 100.506 101.768 117.107 100.899 124.491 35.858 85.236 75.654 120.309 124.165 125.086 152.046 49.276 140.735 120.173 84.858 93.007 142.689 101.251 62.306 100.772 144.786 110.786 93.485 86.680 22.175 86.122 50.907 68.133 101.963 53.391 89.698 121.083 96.237 126.423 135.826 99.899 97.854 166.046
98.843 95.534 48.924 131.793 130.310 125.357 95.889 117.659 101.290 121.658 116.986 161.940 137.356 112.398 132.334 58.062 33.933 113.260 64.433 142.883 37.774 70.531 27.773 100.177 123.613 89.033 63.636 97.192 81.952 75.350 148.626 133.762 41.012 46.774 161.897 75.763 57.225 69.209 74.694 94.360 120.511 118.725 124.078 99.624 119.474 131.141 143.522 157.197 139.316 173.498 99.360 119.028 129.782 161.043 190.023 170.759 183.345 112.899 188.728 155.651 134.785 147.548 184.359 166.758 116.138 134.122 164.351 152.391 0.000 134.574 88.384 121.544 131.864 131.962 142.726 114.542 154.413 165.220 154.993 177.551 159.699 159.824 134.250 181.432
88.284 89.185 116.678 21.236 92.003 75.375 65.020 103.116 20.747 77.209 147.212 25.948 149.253 103.173 48.755 29.629 126.865 148.213 147.742 23.207 80.139 43.309 100.177 18.688 120.372 150.269 91.393 32.255 100.525 82.384 169.837 129.834 86.832 97.342 132.079 85.676 100.143 89.784 88.458 73.330 110.986 121.998 115.086 126.438 128.800 121.995 98.372 140.944 149.743 119.817 94.274 147.824 28.607 135.287 113.918 115.205 140.880 37.862 134.547 165.475 54.117 154.605 135.577 92.721 65.630 153.400 192.102 167.249 53.196 124.387 53.011 130.319 28.407 126.978 162.755 102.707 111.341 133.653 122.283 188.062 167.763 119.908 131.830 168.595
0.000 33.054 96.462 149.913 76.993 121.141 149.277 116.901 107.734 162.841 47.026 146.251 25.454 107.755 128.460 102.952 109.829 61.208 68.452 148.853 132.713 67.059 123.613 120.372 21.299 48.887 36.352 140.106 104.351 146.825 43.342 78.581 116.952 61.702 134.311 53.712 30.247 47.277 38.022 70.255 49.665 25.167 52.427 47.494 49.773 44.898 82.151 51.546 20.477 135.682 39.165 103.458 139.997 73.423 101.984 150.968 94.818 116.702 145.529 48.783 143.222 24.965 154.198 124.128 116.985 100.468 67.760 80.979 158.434 142.502 69.047 139.261 124.802 21.670 72.248 45.581 151.491 135.281 147.849 45.329 79.647 119.936 58.591 133.246
132.958 57.769 40.616 180.271 109.995 155.195 152.824 147.450 121.553 173.783 35.154 170.295 28.946 141.963 143.139 125.891 36.385 42.050 40.891 179.173 126.066 101.129 89.033 150.269 48.887 19.159 33.715 159.832 104.680 128.075 21.405 105.807 102.347 72.728 170.744 88.516 56.428 61.588 67.652 121.970 108.159 83.247 136.340 90.810 111.729 118.107 172.487 129.930 110.384 196.696 71.451 126.173 157.213 129.929 145.328 195.293 163.992 166.122 187.805 105.190 178.796 91.514 169.102 152.551 176.425 115.980 113.616 113.288 192.233 185.250 110.365 174.437 167.382 75.096 109.582 108.409 189.642 176.500 193.777 116.000 148.115 165.316 115.515 181.689
139.055 29.051 34.853 137.870 120.133 160.843 128.870 149.929 92.975 175.851 65.207 166.156 33.017 139.933 134.710 44.530 75.494 68.303 72.390 175.717 118.511 31.973 63.636 91.393 36.352 33.715 24.119 119.329 112.389 127.995 25.135 125.645 115.282 81.312 170.655 91.439 57.552 68.717 74.114 122.047 99.818 64.233 121.632 83.682 104.020 111.386 139.367 117.706 78.669 175.732 42.555 108.460 108.149 144.582 160.082 157.542 168.876 86.297 181.469 103.984 164.476 44.985 176.381 141.925 71.640 117.105 112.121 111.783 137.826 140.163 35.766 111.766 89.712 43.417 106.613 64.795 123.700 158.298 159.417 52.214 140.894 150.941 118.516 181.516
90.907 104.352 117.012 27.680 130.592 104.042 38.171 104.451 62.668 61.425 148.982 63.914 157.493 103.495 84.630 48.989 126.758 156.707 151.961 58.208 33.469 74.074 97.192 32.255 140.106 159.832 119.329 23.691 105.364 46.897 169.438 139.880 91.216 101.013 152.227 90.988 107.670 91.064 89.195 100.633 119.756 131.917 128.349 140.878 146.427 139.780 121.226 160.785 150.266 149.024 113.845 157.555 119.881 152.577 153.804 145.445 166.587 88.851 158.629 179.464 143.533 164.142 163.843 125.266 121.783 170.511 194.730 183.671 144.160 137.116 92.486 144.735 78.701 156.811 180.044 152.511 144.660 155.234 137.212 195.639 185.389 137.301 148.671 179.148
26.849 129.102 119.103 113.337 50.550 85.966 63.017 47.314 99.777 116.010 35.496 118.383 72.903 23.159 108.269 111.258 77.465 28.807 72.597 116.919 58.422 112.212 81.952 100.525 104.351 104.680 112.389 105.364 21.777 34.622 92.678 24.383 29.344 32.810 130.735 89.442 85.111 55.557 56.423 61.501 39.162 73.535 152.020 160.675 174.613 166.736 175.619 176.738 108.825 171.316 129.746 160.815 123.739 188.389 185.200 166.742 186.622 109.702 183.278 152.612 148.886 92.376 184.385 172.546 149.840 178.257 147.285 168.085 155.938 157.297 139.922 162.177 139.975 113.396 169.076 162.210 164.809 179.688 160.929 160.962 191.829 176.271 172.192 159.176
52.110 116.607 93.344 103.700 115.177 98.604 31.889 88.898 80.868 98.836 121.107 108.948 131.058 68.625 114.208 93.511 85.392 111.767 99.984 110.277 35.430 92.142 75.350 82.384 146.825 128.075 127.995 46.897 34.622 17.493 183.405 110.032 28.139 39.813 140.733 79.989 100.106 62.943 64.129 90.899 99.439 0.000 129.725 144.857 147.833 142.279 154.105 171.544 166.904 151.364 118.456 166.558 98.909 0.000 168.164 155.230 182.615 81.262 164.147 182.306 140.266 119.105 167.120 145.907 130.070 176.229 157.704 173.817 0.000 136.775 98.372 141.848 111.004 146.646 175.137 154.027 139.256 160.381 141.895 0.000 187.991 146.507 149.777 170.483
157.722 74.556 112.543 172.509 113.305 146.777 176.366 122.302 124.503 177.762 43.747 168.143 24.677 126.914 161.455 136.967 96.975 66.052 68.968 181.051 148.226 91.633 148.626 169.837 43.342 21.405 25.135 169.438 92.678 183.405 17.059 84.845 0.000 74.232 177.500 96.100 54.623 65.600 69.744 108.593 84.384 59.835 127.883 84.901 107.242 114.683 158.075 111.665 83.512 0.000 102.476 0.000 158.045 0.000 140.282 0.000 149.567 0.000 192.610 103.061 176.056 80.320 0.000 0.000 0.000 0.000 111.186 115.627 173.208 0.000 142.826 0.000 0.000 71.635 115.661 112.931 196.679 0.000 0.000 115.945 137.241 0.000 122.480 153.339
0.000 95.794 183.170 132.183 19.703 22.350 134.638 20.688 83.949 142.497 27.071 120.579 47.228 20.249 50.514 138.663 71.072 50.481 79.010 130.715 138.457 136.650 133.762 129.834 78.581 105.807 125.645 139.880 24.383 110.032 84.845 14.702 92.578 26.368 107.764 81.236 62.861 49.698 46.255 38.121 28.177 52.412 138.256 107.593 145.154 142.450 165.166 124.140 76.390 0.000 153.694 0.000 178.428 0.000 0.000 195.351 0.000 0.000 196.448 94.037 161.439 76.995 194.587 0.000 181.163 0.000 123.983 156.405 180.162 170.318 123.717 181.453 180.281 95.054 0.000 139.576 188.341 191.457 196.515 122.292 160.417 0.000 129.673 139.883
61.475 147.730 102.548 108.721 104.370 114.599 91.939 104.673 83.811 111.862 83.756 105.500 93.936 98.842 110.385 99.171 56.168 87.471 82.739 101.401 26.409 98.901 41.012 86.832 116.952 102.347 115.282 91.216 29.344 28.139 0.000 92.578 17.797 24.831 132.724 79.812 81.694 39.256 61.872 97.144 118.027 116.144 140.198 138.460 159.812 149.404 155.526 180.455 0.000 152.638 174.540 0.000 108.739 0.000 0.000 155.875 180.538 106.418 170.429 178.783 137.641 0.000 172.643 147.051 133.883 159.653 0.000 177.740 127.486 145.055 115.756 147.970 115.054 0.000 196.835 167.599 146.865 171.700 148.400 0.000 194.284 153.972 159.249 176.762
78.001 91.303 82.485 113.824 28.379 73.976 108.440 85.186 98.781 115.671 25.391 115.003 41.201 74.081 75.810 90.420 25.316 37.651 25.267 117.876 40.408 95.849 46.774 97.342 61.702 72.728 81.312 101.013 32.810 39.813 74.232 26.368 24.831 20.327 124.994 67.525 49.456 32.223 35.703 36.931 21.671 38.524 139.220 117.258 160.779 160.656 158.682 146.310 54.065 180.645 97.268 133.697 125.517 189.084 171.580 173.657 185.657 132.571 182.577 111.450 131.143 56.354 182.535 164.128 137.142 157.316 135.665 140.148 170.570 147.595 109.634 141.572 135.115 68.583 135.072 125.238 160.941 176.476 159.232 130.023 155.109 166.033 161.457 142.769
109.194 165.736 158.906 76.551 72.007 31.136 96.249 29.973 49.051 43.729 132.912 40.095 125.969 74.630 36.678 166.658 166.234 157.401 176.348 64.042 160.554 143.870 161.897 132.079 134.311 170.744 170.655 152.227 130.735 140.733 177.500 107.764 132.724 124.994 31.809 94.024 129.401 116.540 101.177 72.180 96.346 122.750 126.734 145.514 159.937 119.060 114.372 127.075 125.893 187.046 170.128 184.268 145.797 112.596 82.400 174.280 102.440 156.869 75.179 149.528 54.021 139.268 189.610 80.903 186.365 180.494 0.000 171.754 157.218 181.601 159.353 184.360 168.030 99.090 173.506 182.393 177.597 186.436 189.601 0.000 159.761 172.881 167.559 56.607
109.885 98.616 81.441 102.831 76.155 81.592 102.490 87.483 48.465 109.691 76.467 96.280 63.477 100.021 72.550 77.907 95.774 89.974 91.609 105.966 78.342 84.817 75.763 85.676 53.712 88.516 91.439 90.988 89.442 79.989 96.100 81.236 79.812 67.525 94.024 22.492 39.995 44.251 39.000 49.242 57.787 40.326 89.579 75.138 117.684 119.976 106.880 83.113 45.236 155.824 98.321 129.158 118.825 106.783 136.163 152.209 168.566 112.817 152.323 87.114 134.281 64.593 168.574 133.592 120.024 146.324 111.705 134.931 139.281 128.001 99.398 125.902 120.699 74.045 124.589 120.404 142.112 166.188 146.124 112.389 129.756 153.643 136.382 103.492
113.546 56.882 56.203 144.762 60.521 113.212 117.185 116.730 73.664 142.397 39.383 132.431 38.495 114.367 103.393 58.761 69.633 54.724 62.675 136.447 76.871 65.906 57.225 100.143 30.247 56.428 57.552 107.670 85.111 100.106 54.623 62.861 81.694 49.456 129.401 39.995 18.697 29.932 26.043 72.051 50.806 23.548 84.018 48.072 67.836 77.763 96.840 67.270 31.598 160.450 68.652 108.614 139.383 89.225 119.324 160.600 120.874 117.294 149.340 61.568 148.306 45.162 166.068 118.298 118.203 127.908 76.820 84.253 144.298 142.803 77.747 130.827 136.639 36.503 81.979 82.708 154.743 165.630 151.780 81.246 100.505 153.395 87.362 145.897
92.968 75.410 63.676 107.474 47.786 91.455 100.251 90.483 79.382 107.332 41.068 106.923 41.041 89.852 101.915 76.810 51.855 56.060 53.257 106.433 67.286 87.516 69.209 89.784 47.277 61.588 68.717 91.064 55.557 62.943 65.600 49.698 39.256 32.223 116.540 44.251 29.932 18.564 18.405 60.749 36.125 26.928 112.989 93.794 126.110 128.595 120.668 93.195 42.857 166.565 83.461 118.539 121.244 123.916 160.481 163.048 179.479 119.664 169.688 83.280 136.795 44.026 178.598 143.552 122.967 139.119 111.369 128.513 154.903 136.923 90.566 126.744 124.973 55.904 123.926 109.775 151.773 173.656 145.480 106.417 152.770 168.002 143.075 134.561
88.796 83.640 70.071 106.987 42.664 78.869 93.685 85.817 81.895 100.439 50.148 101.610 41.627 92.425 86.358 79.895 78.241 63.181 65.931 102.419 71.429 86.112 74.694 88.458 38.022 67.652 74.114 89.195 56.423 64.129 69.744 46.255 61.872 35.703 101.177 39.000 26.043 18.405 18.508 35.741 28.831 19.807 107.975 93.878 121.727 120.424 102.570 86.341 42.191 154.081 89.204 138.976 127.605 77.002 149.476 156.290 179.877 106.118 164.235 69.333 123.505 46.599 174.987 146.085 124.165 141.212 140.576 142.303 142.107 135.558 101.405 129.655 127.193 51.998 126.816 122.910 149.996 167.079 141.129 97.264 138.192 155.632 136.264 119.375
99.029 106.291 111.123 86.343 24.965 27.095 102.938 52.164 40.838 96.921 55.190 50.309 49.272 84.194 21.362 99.191 115.086 90.801 125.853 77.040 91.380 88.715 94.360 73.330 70.255 121.970 122.047 100.633 61.501 90.899 108.593 38.121 97.144 36.931 72.180 49.242 72.051 60.749 35.741 18.359 21.411 47.538 108.002 109.505 139.508 121.745 93.548 102.602 72.999 158.893 105.720 142.600 123.616 114.156 115.181 153.326 159.724 84.758 130.743 107.215 116.621 78.005 171.524 97.160 137.549 174.390 142.555 167.129 122.880 144.079 97.734 141.593 128.497 77.650 142.198 138.517 139.967 167.996 148.776 119.342 142.176 152.724 142.348 107.933
127.182 86.702 135.069 125.901 21.909 34.847 118.246 50.203 66.065 124.636 38.591 99.665 34.347 67.447 32.281 118.993 124.923 61.142 99.311 115.382 106.935 105.043 120.511 110.986 49.665 108.159 99.818 119.756 39.162 99.439 84.384 28.177 118.027 21.671 96.346 57.787 50.806 36.125 28.831 21.411 17.809 28.039 95.983 85.431 105.174 113.252 109.080 72.898 50.338 186.746 99.157 160.977 155.560 160.027 156.446 169.290 165.080 106.536 168.982 66.719 148.396 52.410 186.342 121.147 161.564 144.562 125.336 145.393 150.329 172.128 105.794 163.033 151.813 60.307 123.593 132.313 167.063 185.597 176.799 101.377 102.804 176.175 116.236 111.701
0.000 52.394 99.192 127.051 53.670 91.025 151.354 103.945 102.419 146.482 31.962 125.480 22.822 92.731 105.294 112.293 108.267 72.700 108.130 135.670 97.082 82.266 118.725 121.998 25.167 83.247 64.233 131.917 73.535 0.000 59.835 52.412 116.144 38.524 122.750 40.326 23.548 26.928 19.807 47.538 28.039 15.709 49.025 42.785 55.431 42.343 70.682 50.463 23.570 0.000 61.664 175.720 137.169 60.116 96.596 125.312 109.287 0.000 135.220 44.468 128.250 25.769 152.971 110.495 125.883 0.000 78.183 93.176 121.235 155.309 93.715 140.806 141.549 30.091 89.778 81.329 140.395 138.641 193.927 74.292 88.794 0.000 49.551 122.283
148.829 92.241 131.337 128.739 101.394 145.399 141.522 157.218 101.214 150.270 111.513 131.550 68.141 154.595 130.569 113.668 143.679 136.794 145.006 128.053 124.124 86.952 124.078 115.086 52.427 136.340 121.632 128.349 152.020 129.725 127.883 138.256 140.198 139.220 126.734 89.579 84.018 112.989 107.975 108.002 95.983 49.025 22.117 35.514 53.851 46.605 46.744 57.044 37.748 122.714 88.489 79.527 101.571 74.408 84.251 103.598 88.801 81.226 103.999 73.095 100.923 67.399 89.590 64.122 77.169 87.064 90.097 87.296 95.063 79.892 79.148 76.930 83.044 69.494 90.306 86.547 88.102 82.673 103.076 95.733 83.922 68.829 69.922 84.252
162.399 69.673 89.795 173.594 95.400 119.841 149.972 161.747 133.490 175.844 73.108 149.818 60.813 164.245 151.128 98.298 96.072 89.477 101.058 155.786 121.419 74.692 99.624 126.438 47.494 90.810 83.682 140.878 160.675 144.857 84.901 107.593 138.460 117.258 145.514 75.138 48.072 93.794 93.878 109.505 85.431 42.785 35.514 17.649 28.749 26.160 78.901 54.378 24.707 120.082 58.640 54.879 142.323 71.363 89.630 128.724 93.289 127.631 138.378 35.039 134.135 39.893 113.487 96.055 65.741 62.444 46.543 53.323 139.462 81.649 54.677 65.752 97.746 44.914 55.265 56.445 127.103 95.958 105.844 57.478 74.823 71.044 41.249 104.723
170.404 74.145 110.961 154.697 171.338 180.905 164.920 174.632 111.108 178.239 94.545 162.656 61.333 177.862 163.132 115.549 125.156 114.631 118.258 170.630 135.048 86.699 119.474 128.800 49.773 111.729 104.020 146.427 174.613 147.833 107.242 145.154 159.812 160.779 159.937 117.684 67.836 126.110 121.727 139.508 105.174 55.431 53.851 28.749 19.290 18.895 66.601 34.267 19.752 91.320 65.395 65.248 101.867 54.710 75.014 99.576 76.893 103.912 99.229 41.721 103.081 47.375 76.146 95.885 80.918 44.897 57.200 53.079 100.869 75.314 77.296 70.557 95.721 54.415 64.616 67.529 98.035 48.906 65.681 65.378 49.997 42.776 25.424 118.549
158.282 88.574 129.943 142.156 134.717 164.000 155.501 169.333 106.686 171.200 92.195 148.939 57.852 174.853 145.759 120.313 141.592 129.822 125.602 156.894 133.754 100.506 131.141 121.995 44.898 118.107 111.386 139.780 166.736 142.279 114.683 142.450 149.404 160.656 119.060 119.976 77.763 128.595 120.424 121.745 113.252 42.343 46.605 26.160 18.895 19.969 41.489 28.918 21.198 86.763 66.591 80.995 103.006 39.990 61.910 94.406 61.266 88.588 100.157 43.925 102.315 47.085 68.923 80.584 81.152 77.022 62.327 64.748 97.131 79.752 86.897 77.575 89.358 48.402 70.919 73.171 93.575 54.263 69.658 70.814 46.197 56.969 34.798 95.215
157.024 119.962 143.000 114.888 117.242 118.461 120.962 156.952 61.204 133.559 122.858 118.070 78.050 161.618 97.192 134.910 188.876 160.040 173.357 117.505 145.931 101.768 143.522 98.372 82.151 172.487 139.367 121.226 175.619 154.105 158.075 165.166 155.526 158.682 114.372 106.880 96.840 120.668 102.570 93.548 109.080 70.682 46.744 78.901 66.601 41.489 17.956 20.488 45.991 110.289 112.565 113.723 75.871 24.898 27.979 94.198 49.440 35.077 84.156 42.747 56.456 67.556 85.477 20.506 98.098 127.675 117.718 129.815 63.808 101.830 88.450 98.392 64.966 101.775 123.584 124.274 93.088 84.229 115.648 118.875 38.344 103.966 45.276 61.579
0.000 96.638 137.894 153.833 81.325 148.087 177.660 182.410 117.668 174.171 78.694 146.662 52.669 191.347 130.513 152.528 193.412 142.132 133.673 145.177 169.049 117.107 157.197 140.944 51.546 129.930 117.706 160.785 176.738 171.544 111.665 124.140 180.455 146.310 127.075 83.113 67.270 93.195 86.341 102.602 72.898 50.463 57.044 54.378 34.267 28.918 20.488 18.425 28.144 103.952 97.755 119.670 113.868 19.936 37.778 106.431 42.510 73.895 105.697 29.584 96.798 43.707 73.843 33.470 117.393 116.648 77.073 104.919 98.582 124.447 127.367 109.464 108.467 57.292 100.747 112.410 117.111 48.372 108.010 89.718 26.197 56.055 24.370 97.717
91.262 56.503 178.150 0.000 88.495 126.213 172.248 155.584 141.341 157.397 55.870 141.230 26.661 128.172 128.078 125.372 143.660 90.972 98.050 173.356 153.777 100.899 139.316 149.743 20.477 110.384 78.669 150.266 108.825 166.904 83.512 76.390 0.000 54.065 125.893 45.236 31.598 42.857 42.191 72.999 50.338 23.570 37.748 24.707 19.752 21.198 45.991 28.144 21.452 0.000 50.886 130.614 137.421 54.586 75.227 135.939 80.092 112.908 135.228 23.486 130.227 21.581 93.992 87.889 114.763 52.145 64.135 77.448 127.413 122.399 90.237 117.035 133.429 29.433 67.697 63.942 135.127 56.779 0.000 71.104 62.228 0.000 26.911 93.143
166.181 108.203 182.282 145.439 196.834 175.139 175.215 175.656 101.548 164.859 0.000 166.310 0.000 168.122 0.000 139.888 196.544 196.689 0.000 173.818 179.938 124.491 173.498 119.817 135.682 196.696 175.732 149.024 171.316 151.364 0.000 0.000 152.638 180.645 187.046 155.824 160.450 166.565 154.081 158.893 186.746 0.000 122.714 120.082 91.320 86.763 110.289 103.952 0.000 15.807 117.617 106.216 94.937 0.000 106.460 24.567 53.807 84.660 55.282 117.666 105.550 148.517 23.950 108.957 115.493 106.170 140.409 121.997 94.605 92.899 117.370 98.412 89.770 146.133 123.796 136.541 92.772 27.233 53.316 117.074 91.906 83.803 86.576 174.121
146.927 19.474 67.045 111.006 114.096 155.891 133.458 187.858 78.651 162.160 95.074 117.221 68.798 156.507 117.902 70.758 74.621 91.532 85.289 113.405 113.854 35.858 99.360 94.274 39.165 71.451 42.555 113.845 129.746 118.456 102.476 153.694 174.540 97.268 170.128 98.321 68.652 83.461 89.204 105.720 99.157 61.664 88.489 58.640 65.395 66.591 112.565 97.755 50.886 117.617 19.013 93.097 109.052 127.597 133.416 134.674 152.280 76.796 187.824 69.405 115.308 49.807 144.314 119.275 75.037 64.209 68.345 64.738 96.157 109.131 31.946 106.286 83.674 28.362 63.153 24.479 108.908 130.398 137.562 80.980 103.599 0.000 77.298 161.967
165.365 75.565 108.834 133.730 184.273 188.801 171.988 183.780 125.622 187.635 164.588 178.088 144.184 183.469 155.849 117.957 126.391 164.088 133.048 174.696 139.692 85.236 119.028 147.824 103.458 126.173 108.460 157.555 160.815 166.558 0.000 0.000 0.000 133.697 184.268 129.158 108.614 118.539 138.976 142.600 160.977 175.720 79.527 54.879 65.248 80.995 113.723 119.670 130.614 106.216 93.097 23.142 155.780 128.602 139.831 105.525 129.242 120.183 133.758 107.977 174.618 122.430 121.281 152.493 97.351 50.904 109.218 83.321 156.742 82.470 80.826 46.177 108.924 102.387 38.035 31.346 103.977 118.413 98.288 126.648 133.891 104.788 81.645 157.281
118.607 106.456 148.030 51.192 109.216 130.735 108.583 146.774 49.898 155.912 175.338 85.951 165.539 130.160 97.864 86.076 149.791 161.764 158.462 71.185 122.361 75.654 129.782 28.607 139.997 157.213 108.149 119.881 123.739 98.909 158.045 178.428 108.739 125.517 145.797 118.825 139.383 121.244 127.605 123.616 155.560 137.169 101.571 142.323 101.867 103.006 75.871 113.868 137.421 94.937 109.052 155.780 19.990 108.380 77.766 78.943 106.065 41.467 46.069 145.703 33.441 160.431 107.823 77.943 91.797 158.576 169.282 173.735 22.304 125.788 75.005 133.661 23.571 141.204 173.216 124.360 43.201 110.932 110.780 184.246 137.551 102.376 122.039 102.219
0.000 134.306 187.391 145.781 170.920 138.453 144.311 188.339 108.478 158.991 122.386 147.762 76.102 187.697 150.448 148.193 0.000 155.624 0.000 142.866 168.289 120.309 161.043 135.287 73.423 129.929 144.582 152.577 188.389 0.000 0.000 0.000 0.000 189.084 112.596 106.783 89.225 123.916 77.002 114.156 160.027 60.116 74.408 71.363 54.710 39.990 24.898 19.936 54.586 0.000 127.597 128.602 108.380 13.818 18.575 112.408 18.802 52.801 103.484 37.405 68.361 70.778 42.637 24.596 119.489 139.952 88.702 104.888 93.240 116.491 115.942 132.595 99.446 84.755 112.993 136.689 123.413 83.476 0.000 94.695 18.135 144.689 33.260 67.215
196.285 132.433 166.714 138.725 141.014 98.159 168.419 152.934 95.889 157.089 144.938 83.924 106.871 182.379 112.413 176.262 190.792 149.615 172.858 137.177 140.509 124.165 190.023 113.918 101.984 145.328 160.082 153.804 185.200 168.164 140.282 0.000 0.000 171.580 82.400 136.163 119.324 160.481 149.476 115.181 156.446 96.596 84.251 89.630 75.014 61.910 27.979 37.778 75.227 106.460 133.416 139.831 77.766 18.575 19.811 76.453 22.557 51.746 38.525 76.072 27.691 94.645 52.860 20.941 148.133 140.500 113.079 117.832 55.153 124.073 115.753 133.847 82.309 112.037 131.349 142.900 93.899 73.009 111.412 121.782 29.891 97.414 67.488 28.649
148.393 160.038 180.740 137.668 0.000 157.924 132.431 159.353 91.748 154.784 187.687 149.254 168.026 163.730 134.757 158.211 185.444 178.215 193.412 149.279 164.239 125.086 170.759 115.205 150.968 195.293 157.542 145.445 166.742 155.230 0.000 195.351 155.875 173.657 174.280 152.209 160.600 163.048 156.290 153.326 169.290 125.312 103.598 128.724 99.576 94.406 94.198 106.431 135.939 24.567 134.674 105.525 78.943 112.408 76.453 21.588 72.708 76.250 30.415 138.371 87.968 154.475 46.427 81.584 104.779 109.221 154.099 134.058 96.802 85.814 103.726 95.420 73.254 148.110 132.775 117.755 48.793 51.289 28.661 178.992 130.956 105.437 108.234 100.021
190.171 153.645 194.813 154.425 0.000 159.903 169.090 184.963 119.258 177.886 133.170 143.200 101.278 186.875 168.543 175.192 192.905 0.000 166.624 173.642 188.012 152.046 183.345 140.880 94.818 163.992 168.876 166.587 186.622 182.615 149.567 0.000 180.538 185.657 102.440 168.566 120.874 179.479 179.877 159.724 165.080 109.287 88.801 93.289 76.893 61.266 49.440 42.510 80.092 53.807 152.280 129.242 106.065 18.802 22.557 72.708 20.220 92.902 42.657 76.652 82.243 95.340 22.326 38.247 137.909 131.110 111.381 132.944 94.362 115.429 138.225 121.621 103.738 113.178 135.694 139.987 104.890 55.040 94.407 110.460 23.738 96.976 78.466 36.880
91.082 82.562 140.729 79.353 155.798 111.522 83.732 112.002 34.152 97.515 163.065 48.945 124.460 109.663 91.460 75.238 146.173 0.000 154.846 83.383 116.636 49.276 112.899 37.862 116.702 166.122 86.297 88.851 109.702 81.262 0.000 0.000 106.418 132.571 156.869 112.817 117.294 119.664 106.118 84.758 106.536 0.000 81.226 127.631 103.912 88.588 35.077 73.895 112.908 84.660 76.796 120.183 41.467 52.801 51.746 76.250 92.902 15.716 76.128 132.851 20.312 132.330 101.034 33.143 46.729 126.135 141.864 140.379 31.423 104.098 40.539 136.368 24.115 110.420 138.229 98.002 68.276 100.779 85.911 157.392 93.081 87.526 110.432 89.966
177.315 178.710 190.483 152.549 148.147 112.942 150.663 164.982 101.491 169.479 179.813 111.796 158.994 176.738 132.977 179.901 0.000 186.587 192.836 157.089 186.837 140.735 188.728 134.547 145.529 187.805 181.469 158.629 183.278 164.147 192.610 196.448 170.429 182.577 75.179 152.323 149.340 169.688 164.235 130.743 168.982 135.220 103.999 138.378 99.229 100.157 84.156 105.697 135.228 55.282 187.824 133.758 46.069 103.484 38.525 30.415 42.657 76.128 20.599 138.861 31.258 157.793 51.559 65.841 135.919 137.555 163.270 156.806 22.453 109.518 143.912 120.100 78.554 161.091 170.690 165.757 60.029 107.602 107.600 175.734 127.983 120.883 113.059 31.291
0.000 77.286 110.567 171.086 133.224 170.799 184.076 177.623 140.405 180.055 88.106 173.401 47.868 185.529 137.583 157.430 121.375 102.496 111.332 185.842 175.064 120.173 155.651 165.475 48.783 105.190 103.984 179.464 152.612 182.306 103.061 94.037 178.783 111.450 149.528 87.114 61.568 83.280 69.333 107.215 66.719 44.468 73.095 35.039 41.721 43.925 42.747 29.584 23.486 117.666 69.405 107.977 145.703 37.405 76.072 138.371 76.652 132.851 138.861 17.708 133.737 24.849 95.131 90.562 128.284 39.183 24.887 32.026 132.915 125.084 97.935 106.182 141.993 49.151 48.754 71.428 147.902 69.367 103.668 56.674 49.413 81.655 29.380 130.618
133.632 101.488 0.000 41.002 121.898 63.403 142.153 116.019 60.315 95.777 149.626 29.794 151.742 137.059 82.475 135.177 0.000 164.610 171.442 47.126 0.000 84.858 134.785 54.117 143.222 178.796 164.476 143.533 148.886 140.266 176.056 161.439 137.641 131.143 54.021 134.281 148.306 136.795 123.505 116.621 148.396 128.250 100.923 134.135 103.081 102.315 56.456 96.798 130.227 105.550 115.308 174.618 33.441 68.361 27.691 87.968 82.243 20.312 31.258 133.737 19.107 151.795 107.231 34.652 139.776 146.736 159.216 152.285 24.835 144.688 78.533 151.539 30.384 155.969 170.338 155.591 61.699 109.681 138.462 170.428 113.951 133.237 111.095 31.199
0.000 56.619 133.753 172.070 73.207 127.065 144.617 129.168 128.135 165.331 57.992 161.788 28.437 123.484 139.138 134.545 117.777 95.722 115.130 163.549 151.381 93.007 147.548 154.605 24.965 91.514 44.985 164.142 92.376 119.105 80.320 76.995 0.000 56.354 139.268 64.593 45.162 44.026 46.599 78.005 52.410 25.769 67.399 39.893 47.375 47.085 67.556 43.707 21.581 148.517 49.807 122.430 160.431 70.778 94.645 154.475 95.340 132.330 157.793 24.849 151.795 18.577 109.624 112.670 130.218 97.335 67.464 86.116 150.114 149.421 78.111 142.054 141.254 20.567 37.021 30.662 164.104 98.089 134.117 20.182 79.114 103.621 46.030 129.262
169.740 164.996 184.399 150.958 190.434 182.966 164.249 183.204 116.093 179.920 164.774 167.250 148.377 187.339 177.565 164.206 191.025 188.511 167.838 168.354 175.350 142.689 184.359 135.577 154.198 169.102 176.381 163.843 184.385 167.120 0.000 194.587 172.643 182.535 189.610 168.574 166.068 178.598 174.987 171.524 186.342 152.971 89.590 113.487 76.146 68.923 85.477 73.843 93.992 23.950 144.314 121.281 107.823 42.637 52.860 46.427 22.326 101.034 51.559 95.131 107.231 109.624 19.337 97.639 128.965 122.676 135.226 132.674 104.606 108.574 128.187 113.502 102.503 123.544 138.080 142.850 105.748 25.096 72.340 125.122 27.554 65.807 73.339 128.670
