17.024 25.229 20.526 59.703 65.391 111.703 18.275 24.169 78.249 16.870 40.968 87.716 22.011 84.365 107.675 27.295 90.599 70.878 88.589 111.814 105.127 124.296 0.000 135.542 163.961 118.324 137.246 32.208 77.787 96.831 145.444 151.926 60.195 93.721 108.457 85.656 155.275 139.317 100.405 157.843 112.888 149.054 159.223 160.627 139.822 165.535 168.960 172.861 168.467 163.648 142.730 161.390 147.404 142.690 143.440 132.910 169.517 146.531 169.726 165.857 160.686 166.652 131.928 168.931 165.912 174.999 179.230 187.191 188.697 183.459 179.262 191.434 146.193 134.874 153.376 91.135 57.604 64.139 67.398 65.901 162.031 106.313 106.556 100.692 111.579 120.851 116.873 139.548 115.374 135.289 103.521 123.506 0.000 78.774 152.025 0.000 109.762 135.772 74.932 187.897 0.000 150.980 191.820 0.000 186.503 179.580 0.000 159.454 86.699 112.849 0.000 157.814 0.000 136.296 151.804 147.356 147.948 0.000 197.566 137.644 0.000 0.000 198.178 0.000 0.000 0.000 0.000 0.000 0.000 0.000 0.000 0.000 200.224 0.000 119.994 187.186 199.807 199.446 196.948 197.276 190.356 0.000 195.871 193.782 199.943 0.000 0.000 0.000 199.768 191.656 193.652 0.000 0.000 149.966 149.664 183.988 139.939 74.242 112.867 124.708 83.208 183.642
25.229 14.734 20.983 16.517 21.236 88.161 25.756 39.981 78.564 47.264 75.312 97.190 61.847 109.399 124.749 63.530 114.478 18.764 80.605 88.968 100.375 121.008 0.000 122.424 140.647 115.932 118.406 75.197 57.055 0.000 121.537 112.497 22.125 59.451 56.286 20.787 141.549 136.707 31.698 155.587 118.522 143.313 162.617 158.624 145.399 160.721 152.952 170.497 147.177 169.835 101.722 141.342 0.000 20.948 135.226 133.224 163.205 136.604 146.665 158.248 147.155 147.671 146.277 159.802 153.550 155.211 165.143 170.936 168.454 160.315 149.936 172.919 104.590 87.032 19.935 85.468 51.421 44.647 55.017 17.046 155.801 108.029 94.806 69.216 117.177 119.219 154.016 128.030 114.213 128.895 107.953 129.332 0.000 101.800 127.617 125.838 112.270 147.970 23.201 158.933 0.000 0.000 194.629 0.000 200.235 197.336 0.000 0.000 85.749 134.244 0.000 152.661 0.000 120.224 48.960 103.048 123.457 0.000 196.446 0.000 0.000 0.000 0.000 0.000 195.915 0.000 0.000 0.000 0.000 0.000 0.000 0.000 0.000 0.000 62.267 184.539 184.829 196.236 188.669 0.000 199.985 187.220 190.428 198.779 197.965 199.304 0.000 0.000 161.549 176.113 165.783 0.000 183.538 175.224 167.728 48.252 131.291 71.127 94.585 94.431 55.229 149.929
20.526 20.983 20.500 70.423 103.906 0.000 187.651 55.422 133.656 32.165 44.407 0.000 27.693 75.811 133.892 33.537 118.994 19.982 0.000 0.000 0.000 157.911 0.000 144.900 151.400 0.000 0.000 23.908 70.933 95.141 107.363 129.582 27.271 65.160 63.120 48.807 199.743 139.346 76.238 128.098 88.652 132.302 171.540 140.962 103.195 130.301 194.644 142.425 157.076 151.038 112.898 146.141 161.650 28.684 164.255 0.000 167.898 120.721 150.056 158.890 159.098 154.250 118.627 162.816 146.191 154.663 160.806 169.497 171.718 165.603 159.348 171.968 67.729 83.380 17.915 79.240 38.342 43.065 48.515 20.639 126.320 95.338 81.365 66.780 104.385 128.729 0.000 0.000 116.099 149.175 108.582 124.776 0.000 55.606 127.358 0.000 95.764 145.373 25.007 0.000 0.000 0.000 171.384 0.000 0.000 185.650 0.000 0.000 65.044 81.359 122.690 140.259 0.000 71.022 92.067 100.146 104.519 171.136 171.702 118.742 162.101 102.880 0.000 121.669 0.000 0.000 151.374 0.000 188.641 0.000 0.000 0.000 0.000 0.000 53.050 191.352 0.000 185.546 191.507 0.000 181.291 190.280 186.124 0.000 198.928 0.000 198.269 190.714 185.378 154.563 177.083 0.000 158.716 199.935 139.156 65.035 115.493 55.017 67.540 81.093 38.133 89.618
59.703 16.517 70.423 20.495 23.582 57.281 33.922 59.267 92.585 52.719 77.934 102.393 73.023 94.394 108.395 68.883 104.360 78.433 82.577 90.984 94.228 120.282 127.745 125.296 137.281 85.930 93.528 118.535 0.000 0.000 141.826 0.000 28.511 70.183 89.297 65.680 124.193 118.035 88.004 139.003 116.472 127.827 147.565 140.145 144.006 146.308 140.532 150.673 151.271 147.398 102.890 144.465 0.000 117.797 132.084 105.086 164.317 115.673 128.271 146.119 148.522 167.337 127.779 158.387 142.477 154.045 161.081 168.584 170.754 162.835 158.478 170.360 139.859 121.676 145.451 83.818 63.785 54.248 56.124 150.797 157.763 111.674 111.182 106.783 112.214 113.086 168.853 110.963 117.304 193.884 97.991 97.488 0.000 110.613 0.000 0.000 113.656 138.268 0.000 0.000 0.000 0.000 182.981 0.000 166.274 183.481 0.000 0.000 99.746 0.000 0.000 170.527 164.424 0.000 161.001 0.000 0.000 192.833 0.000 0.000 0.000 198.859 0.000 0.000 0.000 190.940 0.000 0.000 0.000 0.000 0.000 0.000 0.000 0.000 0.000 196.555 0.000 197.718 0.000 187.833 0.000 197.938 198.876 0.000 199.559 0.000 0.000 0.000 0.000 193.769 174.520 0.000 199.975 199.783 195.059 0.000 161.842 74.211 112.624 0.000 0.000 174.339
65.391 21.236 103.906 23.582 15.159 26.479 19.080 46.241 61.972 51.005 58.859 81.567 73.053 80.462 96.205 66.664 82.583 0.000 47.378 0.000 81.702 106.564 0.000 97.469 141.369 94.612 92.672 82.181 80.869 83.957 159.591 0.000 28.966 77.596 99.147 79.809 120.397 129.290 123.458 143.627 135.112 125.805 152.844 143.197 151.176 146.816 173.705 153.243 162.982 157.050 109.021 156.574 0.000 120.323 123.079 106.140 150.736 112.309 123.249 137.651 114.220 171.546 0.000 159.016 144.347 167.914 163.289 169.463 175.332 167.871 160.468 179.478 0.000 131.219 0.000 84.769 61.534 59.666 66.721 0.000 176.947 112.112 113.603 104.247 113.146 113.672 116.692 110.730 108.812 114.334 100.030 107.071 148.701 103.519 115.288 0.000 110.760 118.814 121.248 150.853 0.000 0.000 184.701 0.000 173.706 184.321 0.000 0.000 93.820 80.807 0.000 0.000 0.000 113.904 133.719 0.000 125.553 189.538 178.713 154.322 0.000 0.000 0.000 0.000 0.000 0.000 199.525 0.000 0.000 0.000 0.000 0.000 0.000 0.000 0.000 183.099 197.538 179.824 179.468 191.814 199.644 0.000 164.344 197.180 198.043 0.000 0.000 0.000 199.901 0.000 0.000 0.000 0.000 0.000 176.037 198.485 132.184 78.930 106.446 122.259 72.540 0.000
111.703 88.161 0.000 57.281 26.479 17.374 24.679 72.446 63.425 96.426 68.831 76.226 77.031 78.405 84.792 71.994 77.457 21.966 20.941 75.895 46.592 92.391 36.848 71.470 124.892 22.059 30.935 72.287 77.796 0.000 0.000 0.000 20.559 31.264 95.144 19.038 37.838 90.112 23.832 111.861 118.387 107.949 134.687 127.994 127.089 130.470 153.671 137.083 154.182 142.557 199.349 124.966 0.000 93.914 80.920 82.005 125.925 75.332 93.021 114.304 94.442 142.338 117.127 123.830 122.842 128.973 141.155 143.862 142.086 140.298 0.000 157.799 74.855 0.000 76.640 98.165 70.659 49.423 61.609 0.000 0.000 133.820 138.193 139.940 128.948 120.779 125.857 110.172 117.344 119.665 122.241 102.284 0.000 110.085 102.937 119.367 119.664 117.043 0.000 117.972 199.291 130.664 146.519 0.000 158.670 158.845 151.472 162.678 117.484 70.997 0.000 93.992 0.000 120.481 0.000 0.000 0.000 0.000 156.764 125.303 0.000 137.638 0.000 196.598 0.000 0.000 197.166 0.000 0.000 0.000 0.000 0.000 0.000 0.000 0.000 165.350 167.919 0.000 0.000 178.865 0.000 0.000 0.000 172.941 0.000 0.000 0.000 199.514 198.353 0.000 175.021 0.000 0.000 0.000 162.974 0.000 125.898 104.466 109.891 0.000 0.000 167.904
18.275 25.756 187.651 33.922 19.080 24.679 16.833 21.019 38.491 19.034 70.554 73.193 68.310 66.848 103.183 58.910 66.999 196.871 24.995 0.000 54.236 69.270 63.861 74.177 136.457 110.299 96.928 108.206 58.312 0.000 0.000 0.000 83.578 121.430 198.311 145.839 120.981 117.786 128.515 130.708 133.286 110.515 140.236 132.387 142.225 132.224 152.443 139.199 154.374 142.177 160.975 173.312 0.000 147.966 92.920 84.636 126.739 102.577 108.225 119.892 101.733 141.587 113.919 0.000 131.720 152.674 149.292 156.619 170.326 176.025 168.019 0.000 140.823 0.000 0.000 85.374 59.852 91.902 81.534 183.931 186.749 108.981 105.454 98.100 112.459 109.421 122.623 104.352 103.959 117.811 97.683 94.720 0.000 100.121 107.130 69.596 106.786 124.713 0.000 0.000 0.000 160.914 178.633 0.000 136.502 176.762 0.000 161.903 85.223 0.000 0.000 0.000 0.000 111.285 0.000 0.000 124.980 0.000 197.752 0.000 0.000 137.590 199.743 0.000 0.000 176.321 0.000 0.000 0.000 0.000 0.000 0.000 0.000 0.000 0.000 179.689 197.775 174.575 183.565 191.605 0.000 179.391 189.978 0.000 0.000 0.000 0.000 199.486 199.864 0.000 0.000 0.000 0.000 0.000 149.485 0.000 122.533 84.822 117.503 95.717 0.000 0.000
24.169 39.981 55.422 59.267 46.241 72.446 21.019 28.353 59.929 16.947 20.723 73.646 41.906 71.153 96.303 23.388 71.096 141.230 71.956 94.429 90.456 105.169 165.383 116.551 134.995 76.975 109.743 89.271 68.008 76.108 115.157 140.970 69.441 92.098 122.997 103.346 143.490 137.307 113.699 157.208 143.621 141.660 165.827 154.707 159.747 159.323 176.078 166.538 172.021 170.215 162.234 168.402 169.628 168.447 125.445 121.909 150.910 139.825 141.461 151.075 136.141 152.175 110.600 173.116 157.278 174.952 173.485 179.000 187.831 181.365 177.764 191.285 135.416 127.534 151.332 88.157 56.253 66.725 68.562 79.342 166.809 111.119 111.515 106.306 113.413 110.166 120.260 106.627 106.247 109.401 101.163 101.573 118.897 101.377 118.043 127.890 106.690 115.751 100.711 121.187 172.754 151.158 190.204 0.000 194.790 190.395 161.625 137.837 89.415 84.138 173.875 150.700 0.000 119.391 137.642 148.457 127.221 198.514 189.607 133.976 194.789 137.387 198.793 0.000 0.000 0.000 184.597 0.000 0.000 0.000 0.000 0.000 0.000 0.000 0.000 190.213 181.446 197.422 192.450 166.566 189.372 199.634 155.284 186.518 0.000 0.000 196.289 199.516 190.420 198.246 194.588 197.194 196.588 176.992 173.335 161.367 129.226 88.810 108.983 111.652 103.712 167.444
78.249 78.564 133.656 92.585 61.972 63.425 38.491 59.929 35.944 34.031 24.955 25.848 106.009 105.322 97.179 62.117 52.709 148.816 25.734 22.444 52.977 57.000 50.680 60.794 93.040 82.392 0.000 127.086 104.516 113.777 0.000 153.409 80.887 114.362 176.014 95.279 135.738 127.518 114.127 139.725 140.249 115.487 140.167 125.306 151.403 133.418 145.349 137.068 148.033 141.113 147.450 141.903 0.000 152.683 79.967 83.272 105.714 121.923 114.142 115.923 92.236 113.781 93.709 116.719 130.425 145.245 140.560 135.092 160.438 163.185 175.978 144.336 132.774 115.860 131.434 74.515 49.522 78.444 94.881 180.600 151.268 121.470 120.798 124.455 125.175 115.234 113.575 108.540 109.581 107.927 103.159 95.956 104.723 107.982 101.526 103.355 111.351 107.949 0.000 109.957 107.005 116.081 122.376 152.863 150.119 159.060 123.221 185.911 95.855 76.370 90.249 123.392 0.000 113.103 136.521 165.373 125.733 153.267 158.297 126.275 179.855 162.670 171.840 194.722 185.653 185.875 184.388 198.006 191.869 0.000 189.226 198.212 165.797 0.000 184.990 158.480 161.264 172.681 156.289 162.600 176.425 165.522 167.930 138.659 180.880 0.000 198.367 190.409 187.563 197.655 0.000 188.948 148.009 146.708 152.244 0.000 121.755 81.767 108.903 131.468 73.952 176.176
16.870 47.264 32.165 52.719 51.005 96.426 19.034 16.947 34.031 13.066 15.487 58.383 47.797 61.678 101.058 24.487 66.394 0.000 62.539 108.930 102.823 96.481 0.000 96.748 122.408 0.000 128.439 91.619 88.410 0.000 0.000 0.000 62.981 83.209 0.000 85.090 92.281 187.983 101.943 151.364 121.746 124.936 153.612 123.080 140.782 146.397 0.000 151.140 168.904 163.302 0.000 163.842 0.000 153.996 98.542 0.000 127.860 146.949 116.966 132.390 119.781 122.087 118.928 0.000 156.734 161.369 159.452 180.069 179.018 172.403 169.890 0.000 143.661 118.174 130.782 81.267 47.690 56.909 58.307 0.000 147.455 105.069 104.465 97.030 106.641 104.357 101.865 100.555 97.991 95.234 91.748 88.609 0.000 93.362 94.325 106.402 99.680 99.424 0.000 0.000 0.000 113.808 174.940 0.000 0.000 172.509 189.023 0.000 81.863 62.710 0.000 165.958 0.000 122.823 147.300 0.000 113.542 194.867 179.524 152.065 0.000 199.707 196.492 0.000 0.000 0.000 0.000 0.000 0.000 0.000 0.000 0.000 0.000 0.000 0.000 178.251 0.000 166.866 146.094 0.000 177.205 197.347 160.031 168.452 0.000 0.000 0.000 192.797 0.000 0.000 0.000 0.000 197.400 0.000 199.991 0.000 118.208 88.897 102.746 96.110 0.000 172.727
40.968 75.312 44.407 77.934 58.859 68.831 70.554 20.723 24.955 15.487 15.032 33.153 24.455 46.809 87.312 17.841 35.439 162.956 70.101 66.348 79.378 81.118 0.000 111.942 111.451 0.000 167.700 75.174 49.550 66.862 129.608 0.000 60.399 78.692 97.753 78.808 116.316 120.195 87.915 156.833 107.568 131.514 106.667 132.449 136.653 144.374 160.248 142.562 166.474 151.426 0.000 163.144 0.000 124.430 110.467 97.149 129.916 125.797 130.755 138.517 117.781 125.189 92.500 147.929 133.574 167.166 165.492 168.344 180.466 170.447 116.631 177.267 114.769 123.256 0.000 79.244 50.577 59.162 61.065 0.000 165.670 108.884 104.710 105.727 106.070 101.635 102.775 98.884 96.555 96.796 90.385 89.813 0.000 93.541 96.270 127.536 95.947 98.427 0.000 136.745 0.000 0.000 187.564 0.000 0.000 168.657 198.825 0.000 81.340 61.359 140.226 83.627 0.000 109.758 115.227 0.000 121.909 0.000 154.250 0.000 0.000 0.000 168.494 0.000 0.000 0.000 199.984 0.000 0.000 0.000 0.000 0.000 0.000 0.000 0.000 173.827 182.905 0.000 154.894 0.000 199.948 0.000 168.415 184.164 0.000 0.000 0.000 198.636 0.000 0.000 0.000 0.000 171.877 161.776 188.641 158.034 118.882 84.348 104.714 104.913 0.000 144.134
87.716 97.190 0.000 102.393 81.567 76.226 73.193 73.646 25.848 58.383 33.153 15.966 89.510 56.956 49.684 52.637 24.824 100.893 62.954 23.111 72.786 52.489 63.903 74.253 80.789 74.874 112.504 109.952 48.841 98.858 81.835 0.000 71.647 83.351 104.691 86.830 159.676 111.663 80.158 135.263 118.528 123.490 136.588 96.886 160.775 143.279 0.000 147.308 145.856 131.584 157.696 183.976 0.000 133.817 78.347 78.253 96.187 114.362 122.112 116.341 94.322 95.123 68.682 124.770 154.903 147.942 135.385 128.947 181.139 153.333 0.000 0.000 88.472 112.531 127.430 70.655 46.670 62.164 69.528 0.000 135.226 125.407 130.530 106.696 143.487 124.095 110.848 109.091 114.019 104.457 107.371 98.396 98.306 122.562 99.212 98.295 125.045 103.772 0.000 107.222 0.000 115.735 117.165 0.000 130.258 155.068 118.602 0.000 115.326 73.877 63.519 0.000 0.000 117.002 125.738 130.159 133.260 0.000 171.403 128.043 178.298 0.000 184.078 0.000 175.940 0.000 184.077 0.000 192.954 0.000 199.938 197.981 0.000 0.000 0.000 149.847 163.697 169.147 0.000 165.572 177.392 159.424 136.327 0.000 0.000 0.000 0.000 182.615 170.873 0.000 0.000 0.000 0.000 165.061 0.000 0.000 122.611 73.438 115.447 126.907 0.000 170.691
22.011 61.847 27.693 73.023 73.053 77.031 68.310 41.906 106.009 47.797 24.455 89.510 22.257 34.362 83.953 20.463 39.755 95.477 99.691 144.796 80.219 145.698 0.000 146.261 122.307 112.870 133.937 19.867 25.312 71.915 104.691 125.414 72.764 95.002 116.373 100.002 120.294 145.502 114.026 159.085 119.319 149.612 157.437 160.593 140.611 161.127 0.000 169.256 172.405 168.463 153.455 169.165 148.025 145.644 158.726 176.217 163.055 143.841 162.082 177.134 159.187 128.178 94.562 148.348 160.000 179.879 183.526 188.208 193.606 186.308 157.946 176.140 150.924 134.345 153.497 92.795 57.570 69.449 71.319 76.585 168.035 106.773 107.927 101.823 111.800 110.586 109.998 106.788 105.310 101.904 98.848 91.901 110.115 68.038 84.906 111.532 98.094 100.227 98.836 128.807 0.000 122.414 175.199 0.000 196.623 153.709 144.607 149.353 59.039 51.173 88.878 111.798 142.467 114.927 126.367 162.196 129.196 199.479 162.664 131.713 170.340 143.889 181.072 195.988 0.000 175.272 191.421 171.727 199.005 0.000 0.000 0.000 199.744 153.997 151.626 178.331 177.046 175.404 173.183 160.364 186.417 172.785 135.254 125.517 169.158 0.000 199.959 193.104 176.798 191.723 176.655 135.476 150.786 166.455 161.654 164.206 124.153 82.680 104.399 108.696 91.521 179.556
84.365 109.399 75.811 94.394 80.462 78.405 66.848 71.153 105.322 61.678 46.809 56.956 34.362 18.784 50.639 42.542 20.067 102.457 67.328 69.683 79.088 132.295 0.000 111.114 96.891 99.567 142.766 41.932 21.089 41.291 84.466 104.069 75.229 90.465 113.802 89.915 141.179 139.472 104.428 155.363 128.469 132.393 156.434 141.546 144.696 150.556 0.000 164.067 172.499 149.495 148.994 143.919 0.000 125.422 122.159 120.187 120.232 148.891 135.416 140.646 128.283 109.397 76.785 118.437 147.255 186.308 163.721 151.002 186.072 180.526 150.667 156.178 110.045 120.375 130.385 79.218 57.645 66.115 70.851 80.982 157.474 123.388 125.213 112.594 128.668 112.762 108.660 108.111 109.328 102.313 102.787 91.518 101.038 91.396 90.276 93.759 108.493 100.321 136.473 104.896 154.875 109.008 142.098 128.838 149.981 134.424 119.209 174.740 70.917 35.248 53.574 71.610 100.304 107.533 122.982 169.285 127.141 179.232 172.824 121.820 185.527 138.103 175.119 171.985 0.000 175.732 183.974 199.999 191.123 0.000 193.486 182.656 182.848 0.000 0.000 159.389 170.658 170.652 158.343 188.903 178.498 182.575 108.592 94.974 117.830 193.968 174.948 192.955 165.750 199.887 119.840 199.976 114.600 121.166 145.477 0.000 117.751 85.077 103.591 121.331 0.000 153.724
107.675 124.749 133.892 108.395 96.205 84.792 103.183 96.303 97.179 101.058 87.312 49.684 83.953 50.639 23.161 101.603 31.222 109.873 74.831 24.277 82.862 76.792 75.483 49.261 34.521 85.943 108.258 77.593 22.826 21.103 29.476 91.336 82.446 87.051 117.148 100.930 117.937 133.112 98.219 143.087 116.188 131.785 156.650 148.854 151.792 147.493 0.000 161.641 144.373 154.477 0.000 191.936 0.000 106.921 73.278 91.250 88.598 132.355 137.247 124.197 112.919 73.468 45.195 100.186 0.000 189.194 144.560 133.735 163.044 192.477 132.884 0.000 91.650 115.621 121.895 75.306 54.263 71.369 73.193 109.148 146.868 133.336 146.549 148.979 141.033 124.993 115.634 107.410 120.424 105.900 115.946 111.265 100.559 120.729 97.296 94.061 134.030 104.819 0.000 107.795 98.083 113.723 103.211 129.520 88.792 67.490 118.942 117.440 108.489 66.522 51.907 34.221 0.000 115.813 139.995 0.000 126.382 130.783 164.720 126.194 175.698 185.552 172.995 0.000 0.000 0.000 183.395 0.000 192.995 0.000 198.026 0.000 0.000 0.000 186.744 122.665 153.261 138.601 199.733 149.545 171.308 159.702 88.906 75.021 0.000 175.368 198.065 186.617 178.365 196.745 0.000 0.000 0.000 113.210 0.000 0.000 107.137 69.044 98.016 76.088 119.681 164.921
27.295 63.530 33.537 68.883 66.664 71.994 58.910 23.388 62.117 24.487 17.841 52.637 20.463 42.542 101.603 17.706 30.688 124.090 66.201 92.869 75.171 138.931 0.000 132.374 129.621 89.863 127.482 36.511 59.068 80.232 124.025 125.921 69.752 91.404 133.481 95.843 135.810 124.848 109.108 152.924 120.014 143.116 149.702 147.555 142.263 160.532 0.000 174.956 180.663 174.429 199.248 167.575 0.000 173.906 157.875 130.698 168.420 146.746 155.972 171.633 161.645 152.205 103.558 180.148 171.227 176.615 181.565 188.130 189.914 185.099 172.566 192.600 139.281 129.269 155.134 91.588 60.175 69.086 71.302 82.836 156.371 111.138 113.814 109.211 116.476 112.540 116.856 105.087 107.462 105.000 101.202 99.236 141.094 98.033 108.754 103.884 108.399 110.546 103.800 117.248 0.000 156.313 193.898 0.000 178.611 170.257 127.861 140.351 85.995 70.798 0.000 107.990 151.231 117.102 130.210 139.220 123.532 0.000 168.802 123.262 0.000 141.999 180.272 0.000 0.000 190.207 185.908 0.000 0.000 0.000 0.000 0.000 0.000 0.000 0.000 182.823 169.844 199.601 161.757 156.991 189.633 198.946 182.586 155.088 0.000 0.000 0.000 199.291 179.561 197.577 190.827 199.084 141.573 164.251 148.212 0.000 130.621 91.059 109.028 113.712 82.833 175.121
90.599 114.478 118.994 104.360 82.583 77.457 66.999 71.096 52.709 66.394 35.439 24.824 39.755 20.067 31.222 30.688 22.478 102.760 65.835 24.036 79.541 57.046 75.678 59.027 76.479 83.192 85.650 105.875 48.947 60.005 107.749 0.000 77.314 86.023 116.405 96.615 130.846 137.319 100.912 145.673 132.846 127.071 147.352 141.668 155.207 144.955 164.101 148.942 144.948 164.611 155.125 163.828 0.000 105.002 82.357 74.802 97.195 126.488 125.264 127.290 103.796 94.470 71.004 120.626 134.202 159.018 147.160 143.392 182.623 173.243 168.834 161.933 94.676 115.151 126.236 74.046 54.460 67.762 71.496 0.000 148.544 127.367 128.447 134.766 131.417 118.836 113.988 109.643 112.746 107.571 104.189 97.994 103.013 117.443 99.540 102.233 118.834 108.496 114.749 109.108 103.330 117.328 113.744 133.777 158.044 142.088 119.299 124.741 103.251 70.616 77.322 174.925 0.000 111.054 138.589 0.000 124.539 0.000 166.272 129.222 176.998 137.742 176.121 0.000 192.877 0.000 186.614 0.000 188.852 181.614 194.018 0.000 0.000 0.000 113.243 145.447 163.136 171.722 169.769 179.013 174.956 156.854 155.198 130.920 0.000 0.000 199.874 182.800 174.480 199.858 176.793 0.000 0.000 146.571 158.164 129.487 120.891 77.434 106.729 129.120 0.000 161.480
70.878 18.764 19.982 78.433 0.000 21.966 196.871 141.230 148.816 0.000 162.956 100.893 95.477 102.457 109.873 124.090 102.760 15.754 0.000 0.000 108.442 104.108 0.000 114.267 124.049 90.495 0.000 25.000 58.489 87.786 118.072 119.389 18.946 25.868 48.605 28.478 0.000 102.083 59.497 107.930 73.377 107.924 0.000 113.561 86.729 116.625 0.000 134.606 118.844 108.926 65.608 107.216 109.851 25.672 129.488 197.229 126.575 115.425 121.269 124.316 119.554 136.690 118.881 126.369 110.405 119.156 125.221 133.415 132.775 126.423 119.487 136.710 41.339 63.946 22.797 42.876 22.901 18.108 27.823 14.566 90.484 88.311 30.774 25.032 191.720 122.599 0.000 198.708 177.499 187.840 61.956 0.000 0.000 78.250 0.000 0.000 108.999 140.603 17.403 0.000 0.000 0.000 130.011 0.000 109.985 143.797 0.000 0.000 32.559 67.985 84.444 89.983 149.029 36.766 71.822 82.164 50.477 152.736 185.909 114.639 0.000 143.151 96.271 0.000 110.674 101.890 122.480 62.493 132.647 140.107 110.600 0.000 125.296 0.000 59.139 111.107 135.906 147.517 79.420 146.493 129.128 116.729 145.969 198.872 199.689 0.000 138.034 132.801 144.755 146.993 130.831 111.791 146.184 96.782 85.336 53.719 58.239 24.328 32.147 43.398 16.196 100.004
88.589 80.605 0.000 82.577 47.378 20.941 24.995 71.956 25.734 62.539 70.101 62.954 99.691 67.328 74.831 66.201 65.835 0.000 14.844 0.000 19.446 16.517 32.004 46.378 128.989 15.450 43.147 133.995 55.951 0.000 0.000 0.000 60.488 95.954 146.047 23.873 30.094 95.511 24.465 110.213 107.924 88.779 116.145 106.969 122.664 108.199 144.483 113.667 117.317 118.365 0.000 0.000 0.000 116.143 64.007 63.483 94.829 70.060 83.225 91.674 68.320 121.968 0.000 0.000 106.203 144.337 124.349 168.643 197.427 0.000 0.000 0.000 84.820 0.000 0.000 75.123 48.255 54.528 55.278 0.000 180.866 126.085 155.760 0.000 127.279 114.373 110.821 123.625 119.651 104.503 98.911 86.108 101.709 138.820 97.007 99.557 129.043 106.767 0.000 107.809 95.409 116.489 116.092 0.000 0.000 156.216 129.192 0.000 93.702 73.314 0.000 0.000 0.000 109.331 0.000 0.000 0.000 0.000 155.253 117.519 0.000 0.000 171.172 0.000 0.000 0.000 0.000 0.000 0.000 0.000 0.000 0.000 0.000 0.000 0.000 0.000 151.972 166.958 161.076 154.799 171.559 0.000 138.825 0.000 0.000 0.000 0.000 184.903 0.000 199.259 0.000 0.000 0.000 0.000 0.000 0.000 144.944 63.615 107.333 0.000 0.000 0.000
111.814 88.968 0.000 90.984 0.000 75.895 0.000 94.429 22.444 108.930 66.348 23.111 144.796 69.683 24.277 92.869 24.036 0.000 0.000 14.666 55.179 18.790 34.492 31.719 49.326 71.135 70.557 0.000 0.000 79.361 0.000 0.000 70.506 71.043 98.558 92.232 82.428 107.733 96.825 145.469 0.000 89.878 122.038 95.235 0.000 110.884 0.000 127.567 0.000 108.689 126.370 99.753 0.000 105.347 47.183 49.534 66.319 105.643 95.983 88.050 62.896 64.672 40.544 0.000 82.508 0.000 109.035 95.916 138.677 0.000 0.000 113.792 74.192 0.000 119.945 61.539 45.371 58.373 60.191 0.000 119.659 0.000 0.000 0.000 0.000 0.000 125.059 0.000 0.000 101.946 0.000 0.000 97.796 0.000 89.965 95.127 0.000 102.181 106.786 106.221 90.265 107.367 102.767 0.000 97.230 119.452 118.783 0.000 125.508 0.000 72.597 0.000 0.000 0.000 196.495 0.000 0.000 0.000 127.296 147.839 137.141 152.718 162.678 0.000 0.000 0.000 0.000 0.000 193.329 174.834 0.000 0.000 0.000 0.000 0.000 123.569 135.430 146.020 0.000 146.206 164.782 145.482 134.260 0.000 123.806 0.000 0.000 181.589 0.000 0.000 0.000 0.000 0.000 108.521 133.971 0.000 117.040 61.436 100.944 0.000 0.000 166.146
105.127 100.375 0.000 94.228 81.702 46.592 54.236 90.456 52.977 102.823 79.378 72.786 80.219 79.088 82.862 75.171 79.541 108.442 19.446 55.179 16.848 29.716 20.255 42.449 115.880 18.684 28.193 144.470 0.000 60.461 0.000 0.000 65.614 90.547 144.116 102.172 95.496 91.044 74.551 126.037 127.847 98.830 127.129 115.974 142.504 120.374 125.849 124.100 125.249 131.548 0.000 0.000 0.000 106.730 61.000 68.405 102.737 68.241 79.195 97.623 75.552 134.128 110.989 166.070 113.296 131.532 132.694 137.605 0.000 0.000 0.000 0.000 79.300 0.000 0.000 70.013 50.151 65.687 58.272 100.780 143.116 146.301 136.283 0.000 152.378 129.930 123.778 130.746 124.439 116.957 158.935 117.163 113.931 136.463 108.695 113.180 130.952 119.490 0.000 119.945 113.649 123.250 119.021 0.000 130.875 153.270 130.834 0.000 137.620 89.207 99.878 0.000 0.000 115.531 0.000 0.000 134.571 156.913 168.804 137.492 0.000 0.000 144.794 0.000 0.000 0.000 0.000 0.000 195.929 0.000 0.000 0.000 0.000 0.000 0.000 147.442 150.670 164.745 146.003 166.337 173.798 0.000 170.581 0.000 0.000 199.043 0.000 183.652 0.000 0.000 0.000 0.000 0.000 171.472 0.000 0.000 124.698 89.729 122.139 0.000 0.000 0.000
124.296 121.008 157.911 120.282 106.564 92.391 69.270 105.169 57.000 96.481 81.118 52.489 145.698 132.295 76.792 138.931 57.046 104.108 16.517 18.790 29.716 17.383 22.737 21.563 52.615 87.700 77.804 131.028 47.341 51.723 75.297 0.000 84.065 81.773 112.077 99.846 98.815 114.107 115.526 124.745 124.686 96.260 122.221 105.377 142.051 113.237 0.000 121.130 119.552 119.888 126.945 159.697 96.812 102.825 54.499 53.661 73.394 82.844 91.271 94.551 70.768 94.454 118.215 164.860 118.208 161.632 121.633 114.364 184.989 157.487 0.000 182.941 87.516 100.572 85.122 69.583 51.276 68.223 70.203 104.679 138.645 173.772 182.221 119.075 152.077 145.170 128.254 135.578 140.842 112.052 137.549 130.107 105.120 162.653 107.661 104.393 141.257 111.722 110.901 113.904 101.170 116.849 112.454 118.725 104.793 115.815 129.186 131.937 134.587 96.706 85.464 105.999 0.000 142.237 141.630 0.000 131.877 137.835 138.307 131.432 150.335 197.495 148.896 0.000 0.000 0.000 180.459 0.000 188.374 185.994 198.001 198.712 0.000 182.628 115.993 120.490 141.046 148.209 132.785 148.484 163.701 147.453 139.829 107.849 0.000 171.450 199.464 170.216 162.316 177.616 178.452 0.000 0.000 143.818 128.892 117.677 118.184 77.003 112.310 121.605 0.000 156.410
0.000 0.000 0.000 127.745 0.000 36.848 63.861 165.383 50.680 0.000 0.000 63.903 0.000 0.000 75.483 0.000 75.678 0.000 32.004 34.492 20.255 22.737 14.517 21.341 80.677 20.029 20.492 89.947 0.000 0.000 0.000 0.000 67.052 75.494 85.980 43.725 59.158 94.556 36.382 86.541 129.220 85.724 115.137 114.626 126.826 106.698 0.000 112.628 140.486 115.251 0.000 0.000 0.000 73.762 29.300 51.612 80.916 48.356 65.749 84.744 62.205 101.000 80.540 0.000 101.678 0.000 132.967 0.000 0.000 0.000 0.000 0.000 72.576 0.000 0.000 82.354 43.941 46.054 50.693 0.000 0.000 0.000 0.000 0.000 0.000 0.000 0.000 126.757 0.000 117.715 0.000 0.000 109.425 0.000 116.892 109.824 0.000 115.453 0.000 118.079 104.476 112.632 116.458 0.000 134.344 144.557 143.183 0.000 0.000 0.000 0.000 0.000 0.000 0.000 0.000 0.000 0.000 0.000 0.000 0.000 0.000 0.000 0.000 0.000 0.000 0.000 0.000 0.000 0.000 0.000 0.000 0.000 0.000 0.000 0.000 136.737 141.047 143.872 129.215 167.069 0.000 155.739 137.430 126.547 0.000 0.000 0.000 172.664 0.000 0.000 0.000 0.000 0.000 0.000 0.000 0.000 0.000 79.048 0.000 0.000 0.000 0.000
135.542 122.424 144.900 125.296 97.469 71.470 74.177 116.551 60.794 96.748 111.942 74.253 146.261 111.114 49.261 132.374 59.027 114.267 46.378 31.719 42.449 21.563 21.341 14.985 18.103 56.761 52.072 0.000 51.423 46.270 0.000 0.000 79.201 73.285 107.626 92.482 68.638 76.338 115.709 72.127 97.788 68.170 97.276 67.053 93.733 86.676 110.286 86.829 128.400 86.956 0.000 96.932 80.799 86.710 21.606 25.648 50.433 62.597 54.798 63.548 41.812 38.055 15.814 0.000 79.159 155.865 92.705 96.061 166.615 144.824 0.000 0.000 76.744 0.000 0.000 58.281 46.352 61.947 61.685 0.000 123.522 147.029 0.000 0.000 157.500 0.000 139.591 155.914 0.000 115.209 0.000 97.360 102.228 0.000 147.062 99.288 161.984 107.555 0.000 111.391 93.652 112.691 108.322 104.118 102.769 107.113 125.684 105.803 0.000 134.616 81.929 100.216 95.957 161.979 98.500 0.000 151.692 117.485 127.464 134.789 125.008 118.981 0.000 0.000 0.000 197.853 0.000 0.000 0.000 0.000 0.000 169.762 0.000 0.000 0.000 116.747 113.444 133.735 109.837 123.406 143.185 123.991 122.965 99.539 135.674 142.822 0.000 158.117 137.786 0.000 0.000 0.000 0.000 114.808 104.950 0.000 86.350 70.846 111.288 112.836 0.000 149.079
163.961 140.647 151.400 137.281 141.369 124.892 136.457 134.995 93.040 122.408 111.451 80.789 122.307 96.891 34.521 129.621 76.479 124.049 128.989 49.326 115.880 52.615 80.677 18.103 19.233 102.865 89.592 107.402 73.089 45.825 39.666 0.000 101.411 94.191 136.637 110.948 93.281 92.564 127.049 107.497 134.393 125.310 0.000 0.000 135.855 112.777 0.000 0.000 0.000 0.000 101.378 163.578 97.484 112.411 28.049 18.856 23.542 89.106 93.543 85.107 50.310 21.149 21.327 52.267 0.000 175.696 106.966 102.528 169.299 143.352 0.000 0.000 96.174 84.134 96.873 73.184 60.972 78.724 77.938 128.290 142.133 182.663 185.891 0.000 180.628 186.513 152.599 188.767 177.338 137.328 161.192 144.209 115.043 175.459 107.278 101.332 164.368 119.494 134.089 128.679 108.161 125.767 119.403 130.271 109.289 106.524 136.542 126.376 131.712 91.381 73.087 72.070 104.834 146.973 131.885 173.753 162.215 125.373 123.156 158.294 142.769 147.494 157.883 163.472 149.910 157.639 156.422 188.043 186.562 0.000 168.775 164.919 0.000 0.000 132.302 127.059 129.955 133.991 123.422 136.383 152.815 138.526 96.111 77.912 111.136 0.000 192.394 167.858 146.241 187.793 171.638 114.224 151.167 128.902 130.152 151.759 103.960 83.134 119.291 124.203 0.000 172.543
118.324 115.932 0.000 85.930 94.612 22.059 110.299 76.975 82.392 0.000 0.000 74.874 112.870 99.567 85.943 89.863 83.192 90.495 15.450 71.135 18.684 87.700 20.029 56.761 102.865 12.969 18.323 0.000 0.000 0.000 0.000 0.000 40.160 31.767 101.073 25.453 18.682 46.701 19.127 28.310 75.268 83.847 117.508 116.697 89.181 106.597 0.000 119.127 104.910 131.128 0.000 115.071 0.000 88.864 41.033 62.733 108.977 40.731 71.906 95.677 78.811 128.065 94.867 107.889 97.419 113.031 117.835 117.483 132.426 126.415 0.000 126.000 71.446 0.000 0.000 69.939 60.418 52.111 53.775 0.000 125.164 0.000 0.000 0.000 0.000 0.000 0.000 0.000 0.000 122.172 0.000 0.000 113.773 0.000 0.000 114.312 0.000 131.343 101.994 0.000 109.280 139.010 140.462 0.000 111.420 146.217 163.310 141.212 0.000 104.548 0.000 0.000 0.000 0.000 0.000 0.000 0.000 147.264 122.955 0.000 0.000 0.000 0.000 0.000 0.000 0.000 0.000 0.000 0.000 0.000 0.000 0.000 0.000 0.000 0.000 147.420 160.977 164.261 131.331 174.732 0.000 0.000 149.607 139.609 0.000 0.000 0.000 0.000 0.000 0.000 0.000 0.000 132.987 0.000 0.000 0.000 142.504 95.849 170.839 0.000 100.931 0.000
137.246 118.406 0.000 93.528 92.672 30.935 96.928 109.743 0.000 128.439 167.700 112.504 133.937 142.766 108.258 127.482 85.650 0.000 43.147 70.557 28.193 77.804 20.492 52.072 89.592 18.323 14.309 0.000 0.000 0.000 0.000 0.000 53.232 34.880 101.742 48.749 20.161 31.092 29.563 22.218 66.701 77.630 104.949 99.838 84.416 88.381 0.000 110.524 193.558 121.473 0.000 0.000 0.000 87.377 35.450 34.716 98.026 20.789 48.141 75.688 65.306 105.339 63.697 101.790 0.000 0.000 121.071 117.477 117.727 156.216 0.000 171.069 0.000 0.000 0.000 60.227 64.584 55.968 62.164 0.000 140.129 198.376 0.000 0.000 0.000 0.000 157.594 0.000 0.000 137.262 0.000 0.000 0.000 0.000 121.971 113.543 0.000 129.703 0.000 0.000 126.767 131.065 126.769 135.382 113.870 125.171 138.851 123.512 0.000 0.000 0.000 81.241 0.000 151.840 145.970 0.000 0.000 127.098 124.536 0.000 145.199 0.000 0.000 0.000 0.000 0.000 164.461 0.000 0.000 0.000 196.615 0.000 0.000 0.000 0.000 130.941 138.942 144.518 129.605 142.278 147.266 132.638 140.765 112.174 150.290 0.000 0.000 0.000 0.000 0.000 0.000 0.000 146.953 0.000 0.000 0.000 93.910 83.997 117.400 0.000 0.000 0.000
32.208 75.197 23.908 118.535 82.181 72.287 108.206 89.271 127.086 91.619 75.174 109.952 19.867 41.932 77.593 36.511 105.875 25.000 133.995 0.000 144.470 131.028 89.947 0.000 107.402 0.000 0.000 14.558 24.904 60.976 90.368 115.519 63.744 78.391 103.398 75.816 199.844 0.000 107.546 150.679 99.990 171.668 172.692 141.891 115.966 134.794 0.000 178.923 144.420 185.344 0.000 0.000 140.321 116.009 142.811 0.000 139.300 0.000 152.412 160.378 124.776 113.929 91.367 131.652 0.000 0.000 174.834 161.022 178.770 167.462 117.454 143.962 159.920 114.671 54.316 75.022 34.863 48.736 53.035 26.879 128.286 85.344 86.160 75.934 84.581 85.190 94.224 84.657 79.972 94.085 75.374 81.885 153.944 48.529 75.993 92.600 79.415 94.270 27.519 0.000 0.000 99.360 196.280 0.000 145.628 125.224 0.000 0.000 22.715 33.168 73.469 102.139 125.411 80.992 109.482 118.902 94.285 0.000 198.808 105.478 170.143 116.878 176.670 0.000 199.264 182.077 192.555 0.000 175.066 0.000 0.000 0.000 0.000 167.963 67.658 191.990 169.493 151.847 0.000 0.000 198.743 0.000 124.186 108.044 126.352 180.710 174.523 184.293 157.482 178.527 164.924 166.467 144.136 150.756 122.305 78.527 104.257 55.749 77.233 78.186 31.104 110.450
77.787 57.055 70.933 0.000 80.869 77.796 58.312 68.008 104.516 88.410 49.550 48.841 25.312 21.089 22.826 59.068 48.947 58.489 55.951 0.000 0.000 47.341 0.000 51.423 73.089 0.000 0.000 24.904 14.871 25.965 55.649 82.050 74.951 119.943 146.579 94.232 0.000 103.524 0.000 112.947 79.493 120.146 0.000 118.333 0.000 163.782 0.000 0.000 140.262 196.194 0.000 0.000 108.582 115.596 123.659 0.000 104.054 0.000 0.000 108.088 0.000 83.221 58.313 95.054 0.000 196.533 138.260 124.162 153.866 105.325 83.642 105.892 124.319 95.821 80.152 89.841 50.184 71.878 79.005 52.891 0.000 87.814 89.791 88.923 100.108 83.032 90.772 80.711 77.608 84.030 83.505 65.648 79.176 58.546 67.336 76.520 71.145 79.532 63.226 79.797 0.000 87.347 134.191 0.000 112.440 92.191 119.760 0.000 31.445 19.296 34.260 67.331 114.501 65.941 100.313 0.000 102.173 0.000 0.000 105.049 140.527 95.754 0.000 0.000 0.000 0.000 165.460 0.000 171.344 0.000 183.728 0.000 0.000 0.000 0.000 129.177 0.000 147.049 176.023 164.968 159.819 162.391 91.052 87.015 88.468 118.839 0.000 174.735 144.394 187.319 114.425 121.028 112.393 192.847 143.121 0.000 87.709 60.281 70.498 77.526 65.448 171.611
96.831 0.000 95.141 0.000 83.957 0.000 0.000 76.108 113.777 0.000 66.862 98.858 71.915 41.291 21.103 80.232 60.005 87.786 0.000 79.361 60.461 51.723 0.000 46.270 45.825 0.000 0.000 60.976 25.965 16.187 27.085 55.984 79.654 93.950 129.472 133.285 0.000 59.636 150.865 98.993 197.372 175.972 187.991 0.000 0.000 0.000 0.000 123.187 0.000 0.000 0.000 133.680 80.298 99.625 60.317 0.000 76.801 70.594 173.972 96.098 84.637 57.398 30.847 77.998 0.000 113.900 104.733 101.952 115.638 103.133 63.572 90.231 99.147 69.249 135.622 80.816 77.897 96.603 104.117 83.155 115.916 119.581 119.809 127.823 98.949 130.046 84.386 72.965 115.631 85.707 0.000 87.428 72.124 80.894 61.640 59.621 113.828 74.797 99.402 87.665 72.437 90.653 70.343 0.000 54.771 63.381 85.682 0.000 70.975 28.229 18.940 29.884 66.289 0.000 63.989 0.000 97.856 72.049 67.829 107.977 128.589 0.000 0.000 0.000 0.000 0.000 157.884 0.000 167.361 0.000 149.473 0.000 0.000 0.000 0.000 72.280 86.414 92.008 61.055 145.847 152.238 142.689 67.472 51.853 92.767 0.000 171.270 144.223 96.722 148.889 81.484 91.978 88.791 0.000 0.000 0.000 96.014 86.337 120.450 0.000 133.416 198.045
145.444 121.537 107.363 141.826 159.591 0.000 0.000 115.157 0.000 0.000 129.608 81.835 104.691 84.466 29.476 124.025 107.749 118.072 0.000 0.000 0.000 75.297 0.000 0.000 39.666 0.000 0.000 90.368 55.649 27.085 15.320 22.650 107.247 82.349 120.544 116.134 67.215 69.148 89.801 97.306 79.765 61.886 86.061 0.000 87.361 83.992 0.000 90.181 66.227 71.733 58.791 32.489 51.140 66.636 74.904 0.000 61.632 80.714 69.333 67.814 47.669 26.023 18.350 28.221 62.356 62.707 72.772 65.104 78.348 56.406 24.933 29.225 65.144 44.644 102.910 51.863 102.086 87.212 101.191 112.773 94.566 133.287 148.005 140.110 159.552 142.089 96.274 187.861 184.970 113.106 178.036 0.000 0.000 110.326 91.084 60.004 126.023 112.886 117.707 0.000 0.000 0.000 99.638 0.000 75.774 72.457 88.374 81.331 95.118 55.311 28.240 14.497 19.146 117.478 84.094 130.123 132.878 70.862 67.026 105.103 89.408 94.382 69.219 109.065 89.317 113.915 120.052 89.840 90.565 103.900 101.519 0.000 0.000 71.157 99.007 79.906 71.454 83.838 74.249 79.722 97.889 78.659 33.683 32.047 33.322 0.000 106.852 100.553 62.425 92.765 47.046 37.908 40.126 81.601 42.026 106.427 65.406 130.475 85.469 92.085 115.027 81.072
151.926 112.497 129.582 0.000 0.000 0.000 0.000 140.970 153.409 0.000 0.000 0.000 125.414 104.069 91.336 125.921 0.000 119.389 0.000 0.000 0.000 0.000 0.000 0.000 0.000 0.000 0.000 115.519 82.050 55.984 22.650 12.556 77.733 94.936 72.759 69.604 89.037 0.000 199.352 94.206 113.305 91.703 0.000 62.908 153.385 100.579 78.768 90.455 67.968 64.996 31.893 38.901 30.168 45.853 112.943 0.000 63.982 0.000 99.944 71.250 56.989 27.639 64.256 33.978 64.635 68.918 69.961 67.883 76.289 33.573 23.044 40.091 43.252 20.272 45.392 27.087 129.642 58.857 118.491 133.285 36.702 151.976 153.058 166.150 181.448 194.505 0.000 0.000 0.000 0.000 197.226 0.000 0.000 151.784 114.355 106.530 149.628 130.086 137.172 0.000 0.000 0.000 113.824 0.000 0.000 112.061 132.254 0.000 123.809 87.939 63.844 25.281 15.842 121.751 117.595 123.967 0.000 0.000 110.795 145.071 127.092 124.560 0.000 138.304 122.902 152.170 119.496 118.061 100.763 77.445 115.417 79.705 65.324 37.645 89.262 114.845 0.000 98.853 111.453 0.000 107.251 82.253 37.622 93.205 52.834 138.540 103.846 89.464 77.690 79.349 26.849 33.377 45.010 80.807 50.498 74.409 61.188 133.279 129.237 114.267 152.150 30.219
60.195 22.125 27.271 28.511 28.966 20.559 83.578 69.441 80.887 62.981 60.399 71.647 72.764 75.229 82.446 69.752 77.314 18.946 60.488 70.506 65.614 84.065 67.052 79.201 101.411 40.160 53.232 63.744 74.951 79.654 107.247 77.733 15.834 28.836 35.119 20.546 70.053 78.595 31.320 108.618 81.015 100.536 124.215 111.858 108.112 119.037 0.000 119.614 117.304 115.882 75.427 109.793 69.985 25.727 90.409 84.977 118.245 79.866 94.085 116.156 106.770 126.482 110.679 118.639 107.105 119.626 126.432 133.313 135.317 127.723 124.720 138.677 102.239 59.149 25.658 74.560 51.156 25.911 51.760 34.086 147.093 127.199 113.399 76.663 0.000 118.233 139.102 134.693 129.267 117.179 137.673 91.820 131.074 122.682 96.530 115.546 115.993 121.751 35.350 119.854 116.711 128.543 130.112 0.000 128.093 148.754 197.658 151.255 108.849 95.171 109.928 123.390 0.000 171.158 195.351 0.000 0.000 165.375 149.423 0.000 189.087 170.775 0.000 0.000 0.000 182.262 187.200 0.000 193.219 0.000 199.895 0.000 0.000 0.000 171.880 151.154 178.116 179.693 166.415 161.891 193.219 174.793 175.500 133.430 178.316 0.000 182.282 198.061 165.185 155.055 166.590 179.289 162.208 169.188 151.198 0.000 135.034 128.690 166.484 167.703 35.997 0.000
